0.000000 1.000000 0.000000 0.000000 -0.000000 0.000000 1.000000 0.000000 0.000000 0.000000 -0.000000 1.000000 -0.000000
0.103612 0.999996 -0.001297 0.002647 1.529298 0.001303 0.999997 -0.002225 -0.005554 -0.002644 0.002228 0.999994 0.020210
0.207353 0.999990 -0.002811 0.003511 3.052935 0.002821 0.999992 -0.003018 -0.005674 -0.003502 0.003028 0.999989 0.039151
0.311118 0.999986 -0.004194 0.003098 4.566970 0.004200 0.999989 -0.002147 -0.003142 -0.003089 0.002160 0.999993 0.056400
0.414713 0.999979 -0.005635 0.003128 6.080175 0.005640 0.999983 -0.001549 0.006917 -0.003120 0.001567 0.999994 0.067939
0.519947 0.999970 -0.006918 0.003569 7.616173 0.006924 0.999975 -0.001656 0.018869 -0.003557 0.001681 0.999992 0.077850
0.622091 0.999957 -0.008507 0.003732 9.100099 0.008513 0.999963 -0.001778 0.032198 -0.003717 0.001809 0.999991 0.088878
0.725703 0.999943 -0.010255 0.002887 10.600326 0.010265 0.999941 -0.003583 0.045203 -0.002850 0.003613 0.999990 0.099404
0.829465 0.999928 -0.011597 0.003181 12.095291 0.011612 0.999922 -0.004767 0.062450 -0.003125 0.004803 0.999984 0.103587
0.933038 0.999912 -0.012870 0.003282 13.588561 0.012886 0.999906 -0.004809 0.082649 -0.003220 0.004851 0.999983 0.109837
1.036778 0.999897 -0.014045 0.002902 15.077119 0.014057 0.999893 -0.004293 0.108708 -0.002841 0.004333 0.999987 0.118396
1.140398 0.999888 -0.014547 0.003506 16.561774 0.014556 0.999891 -0.002687 0.139726 -0.003467 0.002738 0.999990 0.132527
1.244137 0.999879 -0.015019 0.004194 18.044324 0.015024 0.999886 -0.001116 0.174609 -0.004177 0.001179 0.999990 0.145477
1.347751 0.999866 -0.015617 0.004984 19.518083 0.015618 0.999878 -0.000087 0.208108 -0.004982 0.000165 0.999988 0.158902
1.451492 0.999858 -0.016063 0.005182 20.991466 0.016063 0.999871 -0.000086 0.241397 -0.005179 0.000169 0.999987 0.166212
1.555107 0.999849 -0.016579 0.005266 22.453424 0.016577 0.999862 0.000379 0.271071 -0.005272 -0.000292 0.999987 0.170779
1.658847 0.999845 -0.016640 0.005824 23.910603 0.016634 0.999861 0.001061 0.301648 -0.005841 -0.000964 0.999983 0.174256
1.762586 0.999838 -0.016643 0.006951 25.363027 0.016629 0.999860 0.001996 0.333223 -0.006984 -0.001880 0.999974 0.179605
1.866202 0.999844 -0.016589 0.006116 26.804027 0.016575 0.999860 0.002328 0.363620 -0.006153 -0.002226 0.999978 0.182917
1.969964 0.999858 -0.016508 0.003456 28.237071 0.016499 0.999861 0.002722 0.394041 -0.003501 -0.002665 0.999990 0.192382
2.073559 0.999863 -0.016211 0.003415 29.662684 0.016207 0.999869 0.001130 0.422171 -0.003433 -0.001074 0.999994 0.204833
2.177298 0.999854 -0.015969 0.006186 31.084359 0.015969 0.999872 0.000177 0.449931 -0.006188 -0.000078 0.999981 0.218079
2.281050 0.999845 -0.015803 0.007811 32.495944 0.015816 0.999874 -0.001488 0.475613 -0.007787 0.001611 0.999969 0.227646
2.384674 0.999854 -0.015555 0.007045 33.890455 0.015573 0.999876 -0.002470 0.502204 -0.007006 0.002579 0.999973 0.231580
2.488425 0.999871 -0.015153 0.005341 35.274531 0.015165 0.999882 -0.002367 0.532355 -0.005304 0.002448 0.999983 0.238204
2.592012 0.999886 -0.014539 0.004181 36.642252 0.014545 0.999894 -0.001566 0.565153 -0.004158 0.001627 0.999990 0.246611
2.695755 0.999900 -0.013662 0.003653 37.998533 0.013665 0.999907 -0.000864 0.594464 -0.003641 0.000914 0.999993 0.258056
2.799368 0.999912 -0.012550 0.004334 39.332886 0.012552 0.999922 -0.000300 0.623398 -0.004330 0.000354 0.999990 0.270001
2.903108 0.999918 -0.010993 0.006615 40.656934 0.010991 0.999939 0.000366 0.648803 -0.006619 -0.000294 0.999979 0.281886
3.006750 0.999926 -0.009357 0.007789 41.960309 0.009359 0.999956 -0.000222 0.670849 -0.007786 0.000295 0.999970 0.291858
3.110482 0.999941 -0.007104 0.008288 43.242845 0.007103 0.999975 0.000138 0.689552 -0.008289 -0.000079 0.999965 0.300516
3.214204 0.999960 -0.003734 0.008185 44.506254 0.003733 0.999993 0.000154 0.704727 -0.008186 -0.000123 0.999966 0.308255
3.317943 0.999982 -0.000044 0.006052 45.747559 0.000048 1.000000 -0.000657 0.713648 -0.006052 0.000657 0.999982 0.316127
3.421685 0.999985 0.003426 0.004444 46.980903 -0.003422 0.999994 -0.000944 0.717880 -0.004447 0.000929 0.999990 0.324614
3.525427 0.999960 0.007447 0.005062 48.201344 -0.007445 0.999972 -0.000488 0.724257 -0.005066 0.000450 0.999987 0.328076
3.629166 0.999906 0.012710 0.005148 49.411094 -0.012710 0.999920 -0.000031 0.724087 -0.005148 -0.000035 0.999986 0.333176
3.732909 0.999806 0.019259 0.004166 50.609400 -0.019266 0.999814 0.001466 0.719906 -0.004137 -0.001546 0.999990 0.336159
3.836660 0.999637 0.026650 0.004004 51.795288 -0.026662 0.999640 0.003064 0.708767 -0.003921 -0.003170 0.999988 0.339668
3.940409 0.999372 0.035003 0.005493 52.973103 -0.035025 0.999377 0.004130 0.683716 -0.005345 -0.004319 0.999976 0.342079
4.044264 0.998962 0.045140 0.006147 54.137638 -0.045180 0.998958 0.006432 0.649961 -0.005850 -0.006703 0.999961 0.344181
4.148122 0.998295 0.058015 0.006583 55.286244 -0.058072 0.998274 0.008817 0.605571 -0.006060 -0.009184 0.999939 0.342401
4.251862 0.997329 0.072665 0.007501 56.417912 -0.072745 0.997290 0.010977 0.544432 -0.006683 -0.011493 0.999912 0.343355
4.355725 0.996006 0.088829 0.009114 57.537537 -0.088946 0.995946 0.013430 0.468142 -0.007884 -0.014187 0.999868 0.342965
4.459611 0.994263 0.106403 0.010972 58.647628 -0.106549 0.994212 0.013782 0.367723 -0.009442 -0.014872 0.999845 0.343064
4.563456 0.992049 0.125400 0.010765 59.740068 -0.125540 0.991995 0.013574 0.247312 -0.008977 -0.014817 0.999850 0.342764
4.667325 0.989299 0.145583 0.009747 60.817031 -0.145702 0.989246 0.012829 0.107374 -0.007774 -0.014112 0.999871 0.340901
4.771058 0.986024 0.166361 0.009102 61.879401 -0.166452 0.985995 0.010388 -0.057205 -0.007246 -0.011758 0.999905 0.341190
4.874947 0.982100 0.188061 0.010717 62.925719 -0.188124 0.982131 0.005203 -0.251478 -0.009547 -0.007126 0.999929 0.343345
4.978668 0.977434 0.210911 0.011829 63.955537 -0.210925 0.977503 -0.000167 -0.469829 -0.011598 -0.002332 0.999931 0.343563
5.082534 0.972046 0.234562 0.010384 64.965906 -0.234519 0.972098 -0.005210 -0.715710 -0.011316 0.002629 0.999933 0.337950
5.186400 0.965746 0.259404 0.006754 65.954039 -0.259318 0.965724 -0.011514 -0.983547 -0.009509 0.009368 0.999912 0.331352
5.290138 0.958440 0.285240 0.005724 66.925807 -0.285127 0.958367 -0.015359 -1.276911 -0.009867 0.013088 0.999865 0.321545
5.394003 0.949989 0.312198 0.007285 67.881518 -0.312031 0.949901 -0.017997 -1.586804 -0.012538 0.014824 0.999812 0.318179
5.497872 0.940477 0.339739 0.008988 68.820543 -0.339483 0.940353 -0.022121 -1.929154 -0.015967 0.017753 0.999715 0.311562
5.601734 0.929830 0.367928 0.006900 69.735202 -0.367650 0.929610 -0.025699 -2.294137 -0.015869 0.021358 0.999647 0.303724
5.705475 0.917946 0.396699 0.002766 70.625317 -0.396514 0.917691 -0.024933 -2.675892 -0.012429 0.021791 0.999686 0.294206
5.809345 0.905014 0.425361 -0.004374 71.493993 -0.425324 0.904666 -0.026105 -3.083300 -0.007147 0.025486 0.999650 0.286100
5.913083 0.891050 0.453812 -0.009357 72.346217 -0.453887 0.890617 -0.028075 -3.517383 -0.004408 0.029263 0.999563 0.280984
6.016968 0.875592 0.482997 -0.007444 73.184083 -0.482993 0.875134 -0.029310 -3.976306 -0.007642 0.029259 0.999543 0.277211
6.120823 0.858028 0.513603 -0.001055 74.009951 -0.513421 0.857666 -0.028447 -4.456795 -0.013706 0.024950 0.999595 0.275399
6.224565 0.838584 0.544761 0.003809 74.806193 -0.544453 0.838308 -0.028498 -4.962097 -0.018718 0.021824 0.999587 0.272489
6.328440 0.817541 0.575872 0.000695 75.574437 -0.575706 0.817332 -0.023039 -5.486999 -0.013835 0.018435 0.999735 0.263291
6.432181 0.795658 0.605735 -0.003980 76.316426 -0.605712 0.795520 -0.016227 -6.036670 -0.006663 0.015322 0.999860 0.252172
6.535919 0.773276 0.634044 -0.005780 77.030236 -0.634057 0.773170 -0.013460 -6.612714 -0.004066 0.014073 0.999894 0.245226
6.639619 0.750205 0.661192 -0.004317 77.723859 -0.661164 0.750066 -0.016324 -7.220685 -0.007556 0.015101 0.999858 0.243667
6.743256 0.725959 0.687734 -0.002768 78.389561 -0.687676 0.725830 -0.016560 -7.845062 -0.009380 0.013926 0.999859 0.245973
6.847019 0.700747 0.713385 -0.006100 79.020244 -0.713381 0.700610 -0.015309 -8.484482 -0.006647 0.015080 0.999865 0.243902
6.950676 0.674659 0.738083 -0.008412 79.629924 -0.738121 0.674546 -0.012898 -9.146331 -0.003845 0.014911 0.999882 0.239594
7.054434 0.647761 0.761809 -0.007413 80.214841 -0.761838 0.647683 -0.010547 -9.826791 -0.003233 0.012479 0.999918 0.238207
7.158126 0.620037 0.784530 -0.008290 80.777518 -0.784570 0.619968 -0.009579 -10.533325 -0.002375 0.012444 0.999921 0.240324
7.261837 0.591485 0.806240 -0.011153 81.314938 -0.806308 0.591485 -0.003575 -11.256404 0.003715 0.011107 0.999932 0.243198
7.365577 0.561522 0.827326 -0.015096 81.839350 -0.827360 0.561646 0.005478 -11.993392 0.013010 0.009414 0.999872 0.264714
7.469315 0.530755 0.847322 -0.018645 82.353504 -0.847251 0.531015 0.013804 -12.754572 0.021597 0.008470 0.999732 0.298543
7.572928 0.499219 0.866300 -0.017561 82.847303 -0.866117 0.499493 0.018736 -13.538529 0.025002 0.005856 0.999671 0.342267
7.676672 0.467064 0.884127 -0.013159 83.301613 -0.883946 0.467238 0.018125 -14.347468 0.022173 0.003166 0.999750 0.380478
7.780431 0.434417 0.900693 -0.006069 83.737740 -0.900545 0.434456 0.016354 -15.176475 0.017367 -0.001639 0.999849 0.422927
7.884150 0.400420 0.916333 -0.000883 84.130181 -0.916193 0.400375 0.017089 -16.018578 0.016013 -0.006034 0.999855 0.455140
7.987818 0.365534 0.930778 0.006272 84.503688 -0.930658 0.365353 0.019882 -16.880929 0.016214 -0.013105 0.999783 0.486752
8.091556 0.330013 0.943896 0.012369 84.839665 -0.943831 0.329704 0.021883 -17.759174 0.016577 -0.018896 0.999685 0.511916
8.195302 0.294060 0.955641 0.016780 85.137967 -0.955670 0.293704 0.020841 -18.657801 0.014989 -0.022165 0.999643 0.537753
8.299053 0.257993 0.965966 0.018740 85.400702 -0.966035 0.257618 0.020273 -19.571701 0.014756 -0.023334 0.999620 0.569825
8.402730 0.222228 0.974805 0.019279 85.630765 -0.974888 0.221866 0.019233 -20.502198 0.014472 -0.023069 0.999630 0.616594
8.506356 0.186922 0.982203 0.018424 85.820584 -0.982270 0.186595 0.018101 -21.443519 0.014341 -0.021481 0.999667 0.660630
8.610085 0.152261 0.988268 0.012012 85.971541 -0.988241 0.152062 0.016063 -22.395756 0.014048 -0.014316 0.999800 0.697924
8.713700 0.118655 0.992898 0.008753 86.087978 -0.992776 0.118472 0.019037 -23.348965 0.017864 -0.010949 0.999781 0.737719
8.817441 0.086079 0.996251 0.008737 86.181738 -0.996006 0.085842 0.024594 -24.307455 0.023752 -0.010820 0.999660 0.770357
8.921074 0.056561 0.998396 0.002788 86.238576 -0.998013 0.056461 0.027970 -25.270136 0.027768 -0.004365 0.999605 0.819996
9.024545 0.030863 0.999524 0.000862 86.268752 -0.999151 0.030828 0.027347 -26.240890 0.027308 -0.001705 0.999627 0.861815
9.128182 0.008372 0.999966 0.000775 86.283421 -0.999696 0.008352 0.023240 -27.222616 0.023233 -0.000970 0.999730 0.908642
9.231657 -0.010682 0.999943 0.001047 86.276247 -0.999746 -0.010701 0.019879 -28.206252 0.019889 -0.000835 0.999802 0.947611
9.335267 -0.027220 0.999630 -0.000352 86.252580 -0.999374 -0.027205 0.022625 -29.185503 0.022607 0.000968 0.999745 1.004241
9.438799 -0.042078 0.999113 -0.002355 86.209950 -0.998720 -0.041995 0.028231 -30.167523 0.028107 0.003540 0.999599 1.055043
9.542373 -0.054172 0.998515 -0.006110 86.153409 -0.998029 -0.053950 0.032084 -31.153817 0.031706 0.007836 0.999468 1.105359
9.646095 -0.063571 0.997912 -0.011534 86.083241 -0.997364 -0.063122 0.035821 -32.144143 0.035018 0.013781 0.999292 1.163006
9.749609 -0.069532 0.997475 -0.014534 86.006383 -0.996790 -0.068890 0.040807 -33.134507 0.039703 0.017325 0.999062 1.216771
9.853097 -0.073350 0.997181 -0.015884 85.929641 -0.996298 -0.072550 0.046127 -34.125656 0.044845 0.019208 0.998810 1.276812
9.956711 -0.076254 0.996931 -0.017727 85.847683 -0.995921 -0.075292 0.049733 -35.124532 0.048246 0.021447 0.998606 1.333810
10.060450 -0.079012 0.996717 -0.017752 85.766137 -0.995532 -0.077970 0.053264 -36.125470 0.051705 0.021882 0.998423 1.397774
10.164070 -0.081443 0.996511 -0.018294 85.681551 -0.995207 -0.080312 0.055816 -37.128426 0.054152 0.022752 0.998274 1.459885
10.267680 -0.083471 0.996332 -0.018904 85.593675 -0.994812 -0.082206 0.059931 -38.132343 0.058157 0.023809 0.998025 1.525712
10.371450 -0.085668 0.996095 -0.021353 85.494628 -0.994542 -0.084214 0.061600 -39.141959 0.059561 0.026514 0.997873 1.603588
10.475040 -0.087633 0.995919 -0.021602 85.395764 -0.994430 -0.086186 0.060685 -40.160100 0.058576 0.026800 0.997924 1.685277
10.578780 -0.089962 0.995737 -0.020400 85.297650 -0.994294 -0.088615 0.059396 -41.179431 0.057335 0.025627 0.998026 1.761782
10.682420 -0.091977 0.995548 -0.020654 85.195930 -0.994023 -0.090571 0.060960 -42.198800 0.058818 0.026138 0.997926 1.832834
10.786180 -0.094372 0.995354 -0.019107 85.094235 -0.993682 -0.093007 0.062836 -43.221491 0.060767 0.024917 0.997841 1.905495
10.889870 -0.096908 0.995144 -0.017323 84.985926 -0.993273 -0.095588 0.065369 -44.251001 0.063396 0.023541 0.997711 1.981727
10.993530 -0.099335 0.994947 -0.014626 84.874959 -0.992800 -0.098111 0.068724 -45.284306 0.066942 0.021348 0.997528 2.060537
11.097270 -0.101336 0.994796 -0.010693 84.764542 -0.992270 -0.100293 0.073093 -46.319871 0.071640 0.018017 0.997268 2.139521
11.201020 -0.103674 0.994580 -0.007977 84.649579 -0.991822 -0.102780 0.075677 -47.361244 0.074447 0.015757 0.997101 2.222141
11.304710 -0.106145 0.994333 -0.006127 84.533590 -0.991658 -0.105402 0.074206 -48.406544 0.073139 0.013952 0.997225 2.303550
11.408450 -0.108860 0.994053 -0.002978 84.413326 -0.991660 -0.108388 0.069740 -49.463154 0.069002 0.010545 0.997561 2.396231
11.512140 -0.111358 0.993777 -0.002820 84.287579 -0.991496 -0.110911 0.068083 -50.518196 0.067347 0.010378 0.997676 2.481231
11.615900 -0.113203 0.993570 -0.002361 84.158848 -0.991269 -0.112778 0.068325 -51.575230 0.067619 0.010075 0.997660 2.564033
11.719550 -0.114623 0.993404 -0.003346 84.026992 -0.990923 -0.114097 0.071094 -52.632227 0.070243 0.011464 0.997464 2.643208
11.823280 -0.115277 0.993328 -0.003509 83.893681 -0.990649 -0.114705 0.073872 -53.691819 0.072976 0.011991 0.997262 2.725189
11.927030 -0.115614 0.993291 -0.002513 83.760182 -0.990515 -0.115101 0.075053 -54.761296 0.074260 0.011167 0.997177 2.812336
12.030770 -0.115159 0.993347 0.000619 83.631166 -0.990669 -0.114895 0.073302 -55.835235 0.072885 0.007829 0.997310 2.898964
12.134510 -0.115048 0.993351 0.004357 83.503106 -0.990673 -0.115058 0.072992 -56.910864 0.073008 0.004081 0.997324 2.988034
12.238130 -0.114810 0.993354 0.008180 83.377396 -0.990604 -0.115100 0.073871 -57.987925 0.074321 0.000378 0.997235 3.074252
12.341890 -0.114812 0.993312 0.012298 83.249603 -0.990541 -0.115411 0.074228 -59.071250 0.075151 -0.003659 0.997166 3.164574
12.445490 -0.114969 0.993243 0.015853 83.121523 -0.990557 -0.115829 0.073350 -60.162516 0.074690 -0.007270 0.997181 3.254530
12.549220 -0.115354 0.993205 0.015406 82.982873 -0.990873 -0.116145 0.068425 -61.269306 0.069749 -0.007372 0.997538 3.343274
12.652870 -0.115881 0.993198 0.011425 82.844756 -0.991394 -0.116360 0.059992 -62.373410 0.060913 -0.004375 0.998134 3.418159
12.756590 -0.116170 0.993212 0.005938 82.700302 -0.991780 -0.116322 0.053318 -63.484456 0.053647 0.000304 0.998561 3.480504
12.860200 -0.115903 0.993257 -0.002624 82.550469 -0.991720 -0.115575 0.055994 -64.586858 0.055313 0.009092 0.998428 3.534900
12.963810 -0.115113 0.993320 -0.008198 82.402249 -0.991503 -0.114392 0.061935 -65.691510 0.060584 0.015258 0.998048 3.587470
13.067550 -0.114546 0.993357 -0.011001 82.260419 -0.991229 -0.113552 0.067602 -66.801071 0.065904 0.018648 0.997653 3.649340
13.171180 -0.113942 0.993419 -0.011724 82.122151 -0.991046 -0.112827 0.071394 -67.915171 0.069601 0.019754 0.997380 3.719073
13.274910 -0.113699 0.993474 -0.009033 81.989094 -0.991119 -0.112789 0.070446 -69.040979 0.068967 0.016963 0.997476 3.791268
13.378650 -0.113185 0.993547 -0.007486 81.855523 -0.991503 -0.112460 0.065382 -70.174451 0.064118 0.014823 0.997833 3.868028
13.482410 -0.112809 0.993598 -0.006273 81.723022 -0.991724 -0.112201 0.062420 -71.311995 0.061316 0.013263 0.998031 3.937026
13.586010 -0.112571 0.993632 -0.004829 81.591573 -0.991689 -0.112044 0.063245 -72.445102 0.062301 0.011908 0.997987 4.004895
13.689750 -0.112409 0.993653 -0.004579 81.456396 -0.991418 -0.111845 0.067702 -73.582192 0.066760 0.012150 0.997696 4.073919
13.793480 -0.111762 0.993726 -0.004528 81.320602 -0.991218 -0.111153 0.071645 -74.721722 0.070692 0.012495 0.997421 4.147742
13.897120 -0.111349 0.993771 -0.004729 81.184784 -0.991335 -0.110740 0.070654 -75.873360 0.069690 0.012555 0.997490 4.225415
14.000840 -0.110761 0.993825 -0.006811 81.046310 -0.991945 -0.110122 0.062613 -77.036644 0.061476 0.013692 0.998016 4.304477
14.104450 -0.110895 0.993811 -0.006700 80.910546 -0.991981 -0.110275 0.061752 -78.195276 0.060631 0.013494 0.998069 4.378535
14.208070 -0.110645 0.993852 -0.004190 80.778779 -0.991796 -0.110143 0.064888 -79.353412 0.064027 0.011335 0.997885 4.447454
14.311810 -0.110363 0.993886 -0.003336 80.644825 -0.991610 -0.109882 0.068080 -80.515161 0.067297 0.010821 0.997675 4.518492
14.415430 -0.110169 0.993911 -0.002537 80.510349 -0.991660 -0.109747 0.067585 -81.690807 0.066895 0.009962 0.997711 4.597446
14.519060 -0.109599 0.993974 -0.002123 80.377835 -0.991933 -0.109236 0.064314 -82.852636 0.063694 0.009155 0.997929 4.677064
14.622780 -0.108620 0.994079 -0.003191 80.242907 -0.992128 -0.108205 0.063032 -84.016456 0.062313 0.010012 0.998007 4.754321
14.726400 -0.107238 0.994223 -0.004734 80.107215 -0.992273 -0.106726 0.063263 -85.187476 0.062393 0.011481 0.997986 4.828078
14.830140 -0.106224 0.994314 -0.007519 79.968978 -0.992372 -0.105535 0.063722 -86.363106 0.062566 0.014230 0.997941 4.889923
14.933760 -0.105003 0.994446 -0.007338 79.834301 -0.992527 -0.104333 0.063286 -87.551722 0.062169 0.013929 0.997969 4.958624
15.037370 -0.103688 0.994574 -0.008652 79.699484 -0.992622 -0.102927 0.064101 -88.740150 0.062862 0.015235 0.997907 5.022911
15.141110 -0.102592 0.994682 -0.009213 79.564454 -0.992892 -0.101838 0.061595 -89.950398 0.060329 0.015467 0.998059 5.098027
15.244850 -0.101451 0.994809 -0.008011 79.433418 -0.993036 -0.100778 0.061015 -91.165280 0.059891 0.014145 0.998105 5.173222
15.348490 -0.100179 0.994928 -0.009184 79.301409 -0.993197 -0.099445 0.060584 -92.380243 0.059363 0.015191 0.998121 5.248273
15.452310 -0.098474 0.995111 -0.007658 79.172745 -0.993322 -0.097826 0.061163 -93.602473 0.060115 0.013630 0.998099 5.325086
15.555950 -0.096951 0.995259 -0.007853 79.044338 -0.993287 -0.096253 0.064143 -94.825315 0.063083 0.014019 0.997911 5.401197
15.659670 -0.095645 0.995397 -0.006179 78.920402 -0.993416 -0.095058 0.063940 -96.055591 0.063059 0.012253 0.997935 5.478179
15.763460 -0.094876 0.995487 -0.002323 78.813832 -0.993630 -0.094556 0.061299 -97.288163 0.060803 0.008124 0.998118 5.553784
15.867170 -0.094526 0.995523 0.000203 78.703611 -0.993579 -0.094355 0.062435 -98.522108 0.062174 0.005700 0.998050 5.628609
15.970910 -0.094605 0.995512 0.002818 78.593240 -0.993548 -0.094595 0.062557 -99.764127 0.062543 0.003119 0.998038 5.705886
16.074630 -0.095445 0.995420 0.005471 78.479295 -0.993640 -0.095601 0.059503 -101.011000 0.059753 0.000242 0.998214 5.784191
16.178490 -0.096547 0.995301 0.007587 78.365296 -0.993609 -0.096825 0.058026 -102.261821 0.058488 -0.001936 0.998287 5.861902
16.282150 -0.097742 0.995170 0.009289 78.246084 -0.993519 -0.098116 0.057404 -103.510596 0.058038 -0.003618 0.998309 5.937052
16.385890 -0.099411 0.995000 0.009692 78.123254 -0.993357 -0.099805 0.057284 -104.761388 0.057965 -0.003933 0.998312 6.014447
16.489610 -0.101676 0.994774 0.009403 77.994841 -0.993205 -0.102045 0.055943 -106.011236 0.056611 -0.003651 0.998391 6.089905
16.593230 -0.104495 0.994447 0.012601 77.868279 -0.993163 -0.105006 0.051005 -107.263256 0.052045 -0.007185 0.998619 6.165469
16.696990 -0.108538 0.994007 0.013176 77.734202 -0.992747 -0.109071 0.050557 -108.506125 0.051691 -0.007593 0.998635 6.237026
16.800590 -0.113732 0.993315 0.019802 77.603203 -0.991861 -0.114669 0.055340 -109.734867 0.057241 -0.013346 0.998272 6.308464
16.904950 -0.120878 0.992472 0.019727 77.457124 -0.990692 -0.121867 0.060645 -110.973715 0.062592 -0.012213 0.997965 6.383470
17.008130 -0.130037 0.991353 0.017646 77.296639 -0.989723 -0.130851 0.057681 -112.199028 0.059492 -0.009964 0.998180 6.465005
17.111810 -0.141066 0.989831 0.018357 77.123736 -0.988512 -0.141846 0.052187 -113.430563 0.054260 -0.010784 0.998470 6.544597
17.215680 -0.153812 0.987958 0.016829 76.931047 -0.986519 -0.154507 0.053922 -114.652888 0.055873 -0.008308 0.998404 6.614958
17.319420 -0.168164 0.985627 0.016198 76.714675 -0.984145 -0.168807 0.054430 -115.874427 0.056382 -0.006788 0.998387 6.686235
17.423160 -0.182830 0.983005 0.016625 76.487171 -0.981651 -0.183457 0.052007 -117.088202 0.054173 -0.006812 0.998509 6.761782
17.526900 -0.198336 0.980052 0.012762 76.234466 -0.978581 -0.198738 0.053682 -118.291936 0.055147 -0.001842 0.998477 6.836820
17.630640 -0.213690 0.976795 0.014444 75.972817 -0.975134 -0.214169 0.056967 -119.481695 0.058738 -0.001911 0.998273 6.911107
17.734250 -0.228968 0.973301 0.016195 75.693568 -0.971362 -0.229535 0.061403 -120.661519 0.063481 -0.001672 0.997982 6.988614
17.837990 -0.244970 0.969314 0.020567 75.402076 -0.967502 -0.245774 0.059454 -121.840749 0.062685 -0.005335 0.998020 7.068380
17.941730 -0.260984 0.964991 0.026119 75.094532 -0.963614 -0.262040 0.052749 -123.028238 0.057746 -0.011402 0.998267 7.146451
18.045360 -0.276744 0.960464 0.030388 74.765599 -0.959382 -0.277958 0.048236 -124.207668 0.054776 -0.015805 0.998375 7.218757
18.149090 -0.292018 0.955824 0.033568 74.419239 -0.954712 -0.293411 0.049341 -125.370896 0.057011 -0.017640 0.998219 7.287691
18.252830 -0.306588 0.951185 0.035391 74.051790 -0.949967 -0.308105 0.051325 -126.524094 0.059724 -0.017885 0.998056 7.356325
18.356440 -0.320591 0.946553 0.035512 73.667205 -0.945218 -0.322124 0.052914 -127.665350 0.061525 -0.016603 0.997969 7.429494
18.460060 -0.334936 0.941608 0.034543 73.262865 -0.940221 -0.336392 0.053136 -128.802780 0.061653 -0.014681 0.997991 7.504941
18.563800 -0.349150 0.936404 0.035239 72.845083 -0.935153 -0.350593 0.050726 -129.930396 0.059855 -0.015243 0.998091 7.582363
18.667420 -0.363700 0.930820 0.036029 72.411883 -0.929648 -0.365146 0.049196 -131.051085 0.058949 -0.015602 0.998140 7.657803
18.771200 -0.378470 0.924786 0.039130 71.966463 -0.923602 -0.380096 0.049863 -132.157815 0.060986 -0.017268 0.997990 7.731871
18.874770 -0.393233 0.918558 0.040220 71.502018 -0.917196 -0.394952 0.052563 -133.250544 0.064167 -0.016220 0.997807 7.805793
18.978730 -0.408145 0.911990 0.041127 71.016423 -0.910548 -0.409915 0.053574 -134.342471 0.065717 -0.015583 0.997717 7.883133
19.082260 -0.422607 0.905397 0.040740 70.511141 -0.903744 -0.424366 0.056210 -135.424381 0.068181 -0.013064 0.997588 7.963356
19.185970 -0.437395 0.898222 0.043410 69.988531 -0.896368 -0.439350 0.059116 -136.502471 0.072171 -0.013055 0.997307 8.045046
19.289530 -0.452413 0.890649 0.045473 69.448363 -0.888593 -0.454522 0.061737 -137.574723 0.075654 -0.012477 0.997056 8.129328
19.393230 -0.467751 0.882621 0.046815 68.885253 -0.880761 -0.469888 0.058860 -138.649324 0.073949 -0.013701 0.997168 8.216462
19.496840 -0.483786 0.873782 0.049570 68.305933 -0.872244 -0.486026 0.054495 -139.719245 0.071709 -0.016873 0.997284 8.306370
19.600580 -0.499824 0.864592 0.051542 67.702338 -0.863094 -0.502166 0.053828 -140.781127 0.072422 -0.017581 0.997220 8.392174
19.704200 -0.515686 0.855057 0.054279 67.079315 -0.853611 -0.518189 0.053163 -141.829104 0.073584 -0.018918 0.997109 8.476799
19.807830 -0.531500 0.845201 0.056078 66.433148 -0.843840 -0.534084 0.051838 -142.873242 0.073764 -0.019769 0.997081 8.565521
19.911550 -0.547107 0.834983 0.058957 65.765790 -0.833708 -0.549860 0.050830 -143.908495 0.074860 -0.021344 0.996966 8.656587
20.015160 -0.562546 0.824517 0.060941 65.078026 -0.823270 -0.565415 0.050318 -144.930819 0.075945 -0.021865 0.996872 8.748121
20.118910 -0.577925 0.813770 0.061495 64.365657 -0.812688 -0.580752 0.047588 -145.949315 0.074439 -0.022474 0.996973 8.840129
20.222520 -0.593269 0.802717 0.060651 63.631582 -0.801867 -0.595922 0.043420 -146.954962 0.070998 -0.022874 0.997215 8.931774
20.326140 -0.608273 0.791477 0.059736 62.876975 -0.790703 -0.610800 0.041352 -147.948573 0.069216 -0.022080 0.997358 9.020187
20.429900 -0.623150 0.779715 0.061066 62.100346 -0.779021 -0.625724 0.039945 -148.934307 0.069356 -0.022680 0.997334 9.107937
20.533510 -0.637707 0.767500 0.065370 61.307791 -0.766804 -0.640592 0.040644 -149.901100 0.073070 -0.024206 0.997034 9.196588
20.637100 -0.652716 0.754342 0.070231 60.496088 -0.753690 -0.655957 0.040872 -150.859201 0.076900 -0.026254 0.996693 9.285808
20.740720 -0.668594 0.740173 0.071597 59.658446 -0.739826 -0.671809 0.036469 -151.808820 0.075093 -0.028586 0.996768 9.379553
20.844400 -0.684851 0.725137 0.071806 58.796133 -0.725271 -0.687851 0.029005 -152.744826 0.070424 -0.032214 0.996997 9.474318
20.947990 -0.701686 0.708718 0.073185 57.911313 -0.709064 -0.704677 0.025641 -153.662085 0.069744 -0.033901 0.996989 9.565746
21.051700 -0.719031 0.690844 0.075703 57.003250 -0.691346 -0.722139 0.023581 -154.559694 0.070959 -0.035381 0.996852 9.652546
21.155310 -0.736463 0.671891 0.078649 56.072235 -0.672759 -0.739621 0.018845 -155.435741 0.070832 -0.039033 0.996725 9.742657
21.259050 -0.753295 0.652882 0.079320 55.108401 -0.653852 -0.756438 0.016660 -156.309730 0.070878 -0.039314 0.996710 9.831014
21.362660 -0.769330 0.633733 0.080715 54.121451 -0.634577 -0.772649 0.018014 -157.162617 0.073780 -0.037361 0.996575 9.916990
21.466280 -0.784838 0.614704 0.078554 53.109755 -0.615348 -0.788036 0.018599 -157.984558 0.073336 -0.033740 0.996737 10.007004
21.570090 -0.799766 0.595566 0.075350 52.092893 -0.596038 -0.802743 0.018516 -158.805626 0.071514 -0.030103 0.996985 10.106170
21.673830 -0.814096 0.575581 0.077163 51.063620 -0.575953 -0.817248 0.019590 -159.598862 0.074337 -0.028495 0.996826 10.204650
21.777500 -0.827704 0.555268 0.081150 50.020142 -0.555583 -0.831203 0.020740 -160.357182 0.078969 -0.027919 0.996487 10.303265
21.881240 -0.840808 0.535202 0.081254 48.955121 -0.535401 -0.844333 0.021144 -161.093522 0.079921 -0.025726 0.996470 10.407321
21.984890 -0.853026 0.516020 0.077919 47.868229 -0.516231 -0.856239 0.018968 -161.790695 0.076505 -0.024043 0.996780 10.511234
22.088470 -0.863525 0.498018 0.079406 46.763864 -0.498144 -0.866872 0.019624 -162.466445 0.078607 -0.022610 0.996649 10.621103
22.192090 -0.872927 0.481040 0.081239 45.646846 -0.480820 -0.876503 0.023539 -163.102732 0.082530 -0.018514 0.996417 10.724169
22.295710 -0.881847 0.464110 0.083355 44.520561 -0.464036 -0.885557 0.021431 -163.732266 0.083762 -0.019781 0.996290 10.836488
22.399370 -0.890087 0.447800 0.084974 43.378559 -0.447964 -0.893866 0.018192 -164.335671 0.084101 -0.021873 0.996218 10.951283
22.503010 -0.897541 0.432665 0.084989 42.227022 -0.432973 -0.901269 0.015718 -164.919688 0.083398 -0.022690 0.996258 11.063623
22.606690 -0.904158 0.418548 0.085541 41.065882 -0.418920 -0.907908 0.014423 -165.480371 0.083700 -0.022795 0.996230 11.177128
22.710180 -0.910403 0.404727 0.085810 39.897694 -0.405276 -0.914119 0.011697 -166.023993 0.083175 -0.024128 0.996243 11.288350
22.813790 -0.916396 0.391438 0.083633 38.717786 -0.392293 -0.919816 0.006642 -166.554542 0.079527 -0.026722 0.996475 11.399369
22.917420 -0.921879 0.378957 0.080822 37.526569 -0.380025 -0.924974 0.002338 -167.069809 0.075644 -0.028559 0.996726 11.506767
23.021160 -0.926490 0.368171 0.077886 36.327176 -0.369082 -0.929392 0.002888 -167.564383 0.073450 -0.026070 0.996958 11.610440
23.124640 -0.929816 0.359824 0.077258 35.127725 -0.360419 -0.932767 0.006588 -168.037069 0.074434 -0.021720 0.996990 11.708964
23.228260 -0.932084 0.353909 0.077255 33.923523 -0.354057 -0.935144 0.012235 -168.497965 0.076575 -0.015948 0.996936 11.807283
23.331860 -0.933785 0.349169 0.078275 32.720350 -0.348983 -0.936984 0.016488 -168.949586 0.079099 -0.011920 0.996796 11.909231
23.435500 -0.935650 0.344074 0.078566 31.509595 -0.344066 -0.938839 0.014056 -169.406557 0.078597 -0.013881 0.996810 12.013816
23.539090 -0.937738 0.338741 0.076830 30.297788 -0.339267 -0.940667 0.006486 -169.853786 0.074469 -0.019984 0.997023 12.120011
23.642730 -0.939717 0.333392 0.076034 29.071078 -0.334346 -0.942450 0.000192 -170.257981 0.071722 -0.025241 0.997106 12.225560
23.746450 -0.941168 0.328210 0.080501 27.847489 -0.329725 -0.944057 -0.005937 -170.660052 0.074049 -0.032131 0.996737 12.326480
23.850060 -0.942274 0.324228 0.083636 26.626630 -0.326020 -0.945325 -0.008365 -171.056634 0.076351 -0.035149 0.996461 12.426575
23.953700 -0.942896 0.321711 0.086309 25.399356 -0.323559 -0.946173 -0.007970 -171.443739 0.079099 -0.035441 0.996237 12.532293
24.057300 -0.943091 0.320701 0.087923 24.175029 -0.322597 -0.946503 -0.007881 -171.837427 0.080692 -0.035796 0.996097 12.639672
24.160910 -0.942924 0.321080 0.088327 22.947860 -0.322741 -0.946474 -0.004830 -172.223645 0.082049 -0.033061 0.996080 12.749939
24.264530 -0.942394 0.322157 0.090052 21.729497 -0.323715 -0.946149 -0.002870 -172.603711 0.084278 -0.031856 0.995933 12.864411
24.368140 -0.941862 0.323201 0.091854 20.521018 -0.324811 -0.945774 -0.002752 -172.965826 0.085984 -0.032427 0.995769 12.977388
24.471760 -0.941380 0.324865 0.090916 19.312805 -0.326350 -0.945246 -0.001568 -173.349738 0.085429 -0.031147 0.995858 13.089481
24.575380 -0.940543 0.327349 0.090676 18.115562 -0.328786 -0.944403 -0.000970 -173.739438 0.085317 -0.030726 0.995880 13.204402
24.678990 -0.939190 0.330918 0.091732 16.920476 -0.332495 -0.943102 -0.002031 -174.151866 0.085841 -0.032408 0.995782 13.320605
24.782620 -0.937820 0.335329 0.089707 15.724820 -0.336968 -0.941509 -0.003340 -174.574075 0.083340 -0.033361 0.995963 13.436837
24.886230 -0.936053 0.340933 0.086991 14.528897 -0.342708 -0.939422 -0.005894 -175.007944 0.079712 -0.035329 0.996192 13.549093
24.989850 -0.933753 0.347553 0.085508 13.338870 -0.349423 -0.936934 -0.007487 -175.447431 0.077514 -0.036870 0.996310 13.656339
25.093570 -0.931102 0.355056 0.083563 12.153210 -0.356727 -0.934192 -0.005488 -175.884524 0.076115 -0.034919 0.996487 13.761578
25.197190 -0.927706 0.363617 0.084517 10.973823 -0.365283 -0.930884 -0.004602 -176.339313 0.077003 -0.035142 0.996412 13.866921
25.300820 -0.923938 0.373065 0.084616 9.804044 -0.374608 -0.927179 -0.002551 -176.800816 0.077503 -0.034055 0.996411 13.973968
25.404420 -0.919663 0.383569 0.084227 8.626375 -0.384905 -0.922956 0.000399 -177.272968 0.077892 -0.032052 0.996447 14.079328
25.508050 -0.914687 0.395225 0.084512 7.455145 -0.396476 -0.918042 0.002151 -177.765831 0.078436 -0.031540 0.996421 14.187704
25.611670 -0.908843 0.408292 0.085451 6.291448 -0.409411 -0.912337 0.004791 -178.272197 0.079916 -0.030630 0.996332 14.291139
25.715400 -0.902779 0.421814 0.084037 5.129316 -0.422776 -0.906207 0.006874 -178.796517 0.079055 -0.029324 0.996440 14.401916
25.819080 -0.896670 0.435040 0.081996 3.978610 -0.436014 -0.899916 0.006574 -179.346974 0.076650 -0.029857 0.996611 14.509632
25.922790 -0.890088 0.448599 0.080639 2.831734 -0.449406 -0.893283 0.008887 -179.918184 0.076020 -0.028329 0.996705 14.610751
26.026490 -0.883254 0.462193 0.078984 1.699024 -0.462779 -0.886394 0.011813 -180.501347 0.075471 -0.026119 0.996806 14.710556
26.130160 -0.876099 0.476186 0.075476 0.576927 -0.476600 -0.879014 0.013574 -181.101431 0.072808 -0.024079 0.997056 14.810568
26.233850 -0.868645 0.490319 0.071014 -0.533140 -0.490547 -0.871278 0.015384 -181.715466 0.069416 -0.021473 0.997357 14.910602
26.337500 -0.860670 0.504708 0.067202 -1.624038 -0.504688 -0.863102 0.018517 -182.341333 0.067348 -0.017979 0.997568 15.007318
26.441180 -0.851697 0.520140 0.063765 -2.699561 -0.519880 -0.853957 0.021909 -182.984876 0.065849 -0.014490 0.997726 15.105608
26.544820 -0.841536 0.536807 0.060456 -3.758865 -0.536345 -0.843628 0.025006 -183.637011 0.064426 -0.011382 0.997859 15.199877
26.648530 -0.830714 0.553769 0.057042 -4.802031 -0.553106 -0.832631 0.028262 -184.308972 0.063145 -0.008073 0.997972 15.286127
26.752060 -0.819545 0.570402 0.054656 -5.829561 -0.569628 -0.821341 0.030354 -184.992988 0.062206 -0.006257 0.998044 15.363448
26.855810 -0.807795 0.587096 0.052776 -6.841364 -0.586203 -0.809504 0.032672 -185.703923 0.061904 -0.004545 0.998072 15.435646
26.959400 -0.795165 0.604286 0.050502 -7.834911 -0.603286 -0.796761 0.034875 -186.435754 0.061312 -0.002736 0.998116 15.514628
27.063080 -0.781535 0.622093 0.046942 -8.812743 -0.621039 -0.782942 0.036189 -187.183424 0.059266 -0.000869 0.998243 15.594594
27.166660 -0.766458 0.640866 0.042808 -9.766701 -0.639764 -0.767651 0.037586 -187.955764 0.056949 0.001421 0.998377 15.672568
27.270350 -0.749833 0.660353 0.041036 -10.689986 -0.659105 -0.750947 0.040709 -188.746824 0.057699 0.003478 0.998328 15.752957
27.373990 -0.732468 0.679594 0.040489 -11.581297 -0.678191 -0.733571 0.043911 -189.545954 0.059544 0.004704 0.998216 15.835517
27.477730 -0.714589 0.698416 0.039714 -12.449552 -0.696981 -0.715678 0.044962 -190.370289 0.059825 0.004449 0.998200 15.920152
27.581570 -0.695516 0.717514 0.037802 -13.292106 -0.716099 -0.696529 0.045239 -191.215546 0.058790 0.004394 0.998261 16.005020
27.685310 -0.675491 0.736422 0.037327 -14.105848 -0.735058 -0.676515 0.044896 -192.090858 0.058315 0.002890 0.998295 16.089155
27.789060 -0.654906 0.754764 0.037797 -14.886972 -0.753403 -0.655994 0.045323 -192.982316 0.059003 0.001206 0.998257 16.176579
27.892840 -0.634002 0.772373 0.038467 -15.648628 -0.771051 -0.635167 0.045190 -193.886943 0.059337 -0.001010 0.998237 16.257256
27.996660 -0.612632 0.789470 0.037653 -16.384876 -0.788173 -0.613785 0.045262 -194.805612 0.058844 -0.001948 0.998265 16.327994
28.100300 -0.590159 0.806522 0.035126 -17.100246 -0.805251 -0.591200 0.045269 -195.741262 0.057277 -0.001569 0.998357 16.397372
28.204060 -0.566028 0.823704 0.033508 -17.787659 -0.822430 -0.567017 0.045814 -196.672810 0.056737 -0.001626 0.998388 16.465071
28.307780 -0.540725 0.840625 0.031060 -18.442531 -0.839183 -0.541616 0.049208 -197.640311 0.058188 0.000543 0.998306 16.534079
28.411620 -0.513940 0.857333 0.029064 -19.070905 -0.855836 -0.514760 0.050656 -198.625920 0.058390 0.001160 0.998294 16.603098
28.515360 -0.486741 0.873102 0.027844 -19.659053 -0.871695 -0.487536 0.049537 -199.642883 0.056825 -0.000160 0.998385 16.672376
28.619100 -0.458713 0.888209 0.025821 -20.215498 -0.886930 -0.459437 0.047645 -200.679035 0.054182 -0.001046 0.998531 16.740392
28.722840 -0.429224 0.902889 0.023612 -20.740151 -0.901578 -0.429871 0.048642 -201.716201 0.054069 -0.000409 0.998537 16.812039
28.826590 -0.398243 0.917016 0.021975 -21.231255 -0.915570 -0.398849 0.051470 -202.774366 0.055964 0.000378 0.998433 16.875681
28.930330 -0.366388 0.930275 0.018656 -21.689854 -0.928738 -0.366855 0.053488 -203.848744 0.056603 0.002271 0.998394 16.933839
29.034070 -0.334422 0.942310 0.014615 -22.111096 -0.940741 -0.334711 0.054514 -204.927544 0.056261 0.004482 0.998406 16.997788
29.137810 -0.301710 0.953320 0.012246 -22.488329 -0.951793 -0.301923 0.054139 -206.035710 0.055309 0.004678 0.998459 17.066042
29.241550 -0.268219 0.963324 0.008002 -22.828183 -0.961856 -0.268255 0.053575 -207.154167 0.053757 0.006673 0.998532 17.136840
29.345310 -0.234102 0.972195 0.005585 -23.123205 -0.970848 -0.234074 0.051576 -208.299006 0.051450 0.006652 0.998654 17.209405
29.449160 -0.199195 0.979956 0.002255 -23.377407 -0.978683 -0.199053 0.050541 -209.446116 0.049977 0.007861 0.998720 17.283424
29.552890 -0.164012 0.986457 -0.000851 -23.589408 -0.985227 -0.163764 0.050056 -210.575539 0.049239 0.009048 0.998746 17.355967
29.656760 -0.128401 0.991716 -0.003390 -23.756927 -0.990499 -0.128071 0.050084 -211.726257 0.049235 0.009789 0.998740 17.425297
29.760510 -0.092711 0.995673 -0.006209 -23.883990 -0.994470 -0.092287 0.050083 -212.879346 0.049293 0.010818 0.998727 17.495605
29.864240 -0.057350 0.998328 -0.007122 -23.965554 -0.997097 -0.056918 0.050563 -214.020803 0.050073 0.010001 0.998696 17.567750
29.968020 -0.022785 0.999703 -0.008478 -24.008165 -0.998465 -0.022327 0.050656 -215.187582 0.050452 0.009619 0.998680 17.632737
30.071850 0.010815 0.999897 -0.009409 -24.008804 -0.998698 0.011270 0.049741 -216.347724 0.049842 0.008859 0.998718 17.695667
30.175500 0.043937 0.998984 -0.009962 -23.967446 -0.997757 0.044383 0.050088 -217.507178 0.050479 0.007739 0.998695 17.764832
30.279230 0.076847 0.996961 -0.012736 -23.885749 -0.995728 0.077395 0.050330 -218.661958 0.051163 0.008814 0.998652 17.836257
30.382990 0.108951 0.993925 -0.015524 -23.772057 -0.992794 0.109584 0.048484 -219.808086 0.049891 0.010130 0.998704 17.904804
30.486710 0.140167 0.989957 -0.018402 -23.618401 -0.988906 0.140893 0.047045 -220.964481 0.049166 0.011603 0.998724 17.975324
30.590360 0.170345 0.985151 -0.021437 -23.431885 -0.984105 0.171191 0.047196 -222.117024 0.050165 0.013057 0.998656 18.042034
30.694060 0.200106 0.979450 -0.025194 -23.213918 -0.978430 0.201112 0.047176 -223.265801 0.051273 0.015211 0.998569 18.106125
30.797800 0.229921 0.972775 -0.029068 -22.960086 -0.971826 0.231083 0.046387 -224.417871 0.051841 0.017583 0.998501 18.169794
30.901560 0.259963 0.965044 -0.033278 -22.671241 -0.964216 0.261287 0.044864 -225.561275 0.051991 0.020424 0.998439 18.235610
31.005170 0.289726 0.956405 -0.036695 -22.345981 -0.955685 0.291172 0.043385 -226.700933 0.052178 0.022500 0.998385 18.301278
31.108900 0.319086 0.946810 -0.041634 -21.988102 -0.946209 0.320752 0.042493 -227.832825 0.053587 0.025835 0.998230 18.366928
31.212510 0.347537 0.936632 -0.044013 -21.591519 -0.936065 0.349302 0.042038 -228.943892 0.054748 0.026589 0.998146 18.433919
31.316280 0.375545 0.925657 -0.046086 -21.159893 -0.925193 0.377358 0.040175 -230.056247 0.054580 0.027551 0.998130 18.502044
31.420040 0.403432 0.913755 -0.047878 -20.691818 -0.913336 0.405305 0.039280 -231.158834 0.055298 0.027882 0.998081 18.571419
31.523620 0.431417 0.900667 -0.051741 -20.194297 -0.900242 0.433524 0.040233 -232.232682 0.058668 0.029222 0.997850 18.642743
31.627370 0.459200 0.886560 -0.056088 -19.661735 -0.886146 0.461582 0.041038 -233.304841 0.062272 0.030857 0.997582 18.716764
31.731090 0.486291 0.871788 -0.059198 -19.095775 -0.871456 0.488828 0.040097 -234.350317 0.063894 0.032089 0.997441 18.797845
31.834850 0.512770 0.856360 -0.060935 -18.493538 -0.856201 0.515310 0.037025 -235.404986 0.063107 0.033187 0.997455 18.869004
31.938580 0.537870 0.840789 -0.061383 -17.857849 -0.840701 0.540366 0.034951 -236.441657 0.062556 0.032806 0.997503 18.938187
32.042320 0.560925 0.825580 -0.061476 -17.195542 -0.825439 0.563418 0.034771 -237.453172 0.063343 0.031241 0.997503 19.008178
32.146060 0.581812 0.810935 -0.062274 -16.501168 -0.810746 0.584356 0.034888 -238.453596 0.064682 0.030191 0.997449 19.087972
32.249970 0.601265 0.796615 -0.062319 -15.780420 -0.796448 0.603769 0.033613 -239.441006 0.064403 0.029424 0.997490 19.170466
32.353680 0.619605 0.782469 -0.061882 -15.037536 -0.782397 0.622004 0.031049 -240.406411 0.062786 0.029178 0.997600 19.252181
32.457280 0.636707 0.768575 -0.062415 -14.270062 -0.768669 0.639041 0.027776 -241.362746 0.061234 0.030292 0.997664 19.331687
32.561020 0.652733 0.754949 -0.063174 -13.480009 -0.755161 0.655044 0.025431 -242.301947 0.060582 0.031107 0.997679 19.408502
32.664780 0.667962 0.741336 -0.065170 -12.676963 -0.741709 0.670325 0.023054 -243.237060 0.060777 0.032938 0.997608 19.475616
32.768370 0.682847 0.727541 -0.066355 -11.854731 -0.727930 0.685276 0.022621 -244.158209 0.061930 0.032855 0.997540 19.549205
32.872110 0.697749 0.713141 -0.067644 -11.000682 -0.713612 0.700219 0.021189 -245.049609 0.062477 0.033487 0.997485 19.629492
32.975860 0.712615 0.698382 -0.066648 -10.116766 -0.698900 0.714963 0.019063 -245.928196 0.060964 0.032996 0.997595 19.715768
33.079490 0.726865 0.683642 -0.065570 -9.224694 -0.684277 0.729050 0.015727 -246.797711 0.058556 0.033437 0.997724 19.787732
