0.000000 1.000000 0.000000 0.000000 0.000000 0.000000 1.000000 -0.000000 -0.000000 0.000000 0.000000 1.000000 0.000000
0.104228 0.999998 -0.001910 -0.000879 0.566729 0.001908 0.999996 -0.002244 -0.008381 0.000883 0.002242 0.999997 0.022837
0.208477 0.999994 -0.002712 -0.002197 1.129676 0.002705 0.999991 -0.003091 -0.004025 0.002206 0.003085 0.999993 0.038132
0.312729 0.999981 -0.004883 -0.003618 1.680540 0.004870 0.999981 -0.003622 -0.000740 0.003636 0.003604 0.999987 0.051141
0.416979 0.999964 -0.006665 -0.005162 2.232451 0.006637 0.999963 -0.005448 0.000302 0.005198 0.005413 0.999971 0.063704
0.521227 0.999941 -0.008260 -0.007000 2.794865 0.008204 0.999934 -0.008116 0.003827 0.007067 0.008058 0.999942 0.075806
0.625476 0.999920 -0.009908 -0.007781 3.355433 0.009831 0.999904 -0.009770 0.003292 0.007877 0.009693 0.999922 0.087093
0.729727 0.999913 -0.011185 -0.007084 3.934864 0.011113 0.999886 -0.010255 0.010018 0.007198 0.010176 0.999923 0.100528
0.833976 0.999893 -0.012651 -0.007366 4.517624 0.012572 0.999863 -0.010741 0.025263 0.007501 0.010648 0.999915 0.114266
0.938359 0.999859 -0.013517 -0.010028 5.106333 0.013416 0.999859 -0.010066 0.033134 0.010163 0.009930 0.999899 0.131089
1.042605 0.999793 -0.014940 -0.013861 5.706557 0.014820 0.999852 -0.008706 0.054214 0.013989 0.008499 0.999866 0.147710
1.146853 0.999712 -0.016576 -0.017363 6.307755 0.016453 0.999839 -0.007227 0.065003 0.017480 0.006939 0.999823 0.158710
1.251125 0.999695 -0.017170 -0.017747 6.928274 0.017076 0.999840 -0.005441 0.087794 0.017838 0.005136 0.999828 0.172532
1.355354 0.999745 -0.019496 -0.011343 7.573481 0.019456 0.999804 -0.003618 0.110285 0.011411 0.003396 0.999929 0.182985
1.459603 0.999804 -0.019740 -0.000727 8.235464 0.019738 0.999799 -0.003485 0.128089 0.000796 0.003470 0.999993 0.199614
1.563854 0.999795 -0.019212 0.006303 8.912626 0.019231 0.999810 -0.003033 0.139381 -0.006244 0.003153 0.999976 0.215718
1.668106 0.999740 -0.022055 0.005700 9.593844 0.022069 0.999754 -0.002374 0.165403 -0.005647 0.002499 0.999981 0.228509
1.772352 0.999724 -0.023444 -0.001370 10.279974 0.023445 0.999725 0.000280 0.191207 0.001363 -0.000312 0.999999 0.231295
1.876603 0.999633 -0.026031 -0.007450 11.002898 0.026031 0.999662 -0.000068 0.211518 0.007449 -0.000126 0.999972 0.230860
1.980855 0.999601 -0.027534 -0.006206 11.722688 0.027520 0.999618 -0.002290 0.239623 0.006267 0.002118 0.999978 0.235049
2.085105 0.999576 -0.028973 0.002954 12.492967 0.028984 0.999573 -0.003742 0.256407 -0.002844 0.003826 0.999989 0.243727
2.189354 0.999511 -0.029373 0.010730 13.261762 0.029424 0.999556 -0.004625 0.281742 -0.010589 0.004939 0.999932 0.250055
2.293607 0.999393 -0.032075 0.013547 14.056469 0.032153 0.999467 -0.005579 0.305975 -0.013361 0.006011 0.999892 0.251562
2.397855 0.999364 -0.033216 0.013011 14.855603 0.033319 0.999414 -0.007741 0.334022 -0.012746 0.008169 0.999886 0.251368
2.502107 0.999410 -0.032641 0.010659 15.673788 0.032726 0.999433 -0.007870 0.368123 -0.010397 0.008215 0.999912 0.249967
2.606377 0.999404 -0.033887 0.006592 16.510195 0.033926 0.999407 -0.005807 0.390197 -0.006391 0.006027 0.999962 0.242276
2.710606 0.999513 -0.031179 0.001486 17.359815 0.031191 0.999477 -0.008597 0.425340 -0.001217 0.008639 0.999962 0.248035
2.814856 0.999477 -0.032014 -0.004591 18.226081 0.031960 0.999424 -0.011394 0.446732 0.004954 0.011241 0.999924 0.254837
2.919104 0.999511 -0.029743 -0.009691 19.109180 0.029644 0.999510 -0.010126 0.486843 0.009988 0.009834 0.999902 0.267645
3.023358 0.999449 -0.031238 -0.011242 20.011400 0.031140 0.999477 -0.008763 0.510205 0.011510 0.008408 0.999898 0.276362
3.127481 0.999463 -0.030985 -0.010657 20.931548 0.030886 0.999479 -0.009370 0.549005 0.010942 0.009036 0.999900 0.294482
3.231728 0.999476 -0.030208 -0.011604 21.872895 0.030110 0.999510 -0.008499 0.584061 0.011855 0.008145 0.999897 0.315099
3.335979 0.999461 -0.029760 -0.013880 22.808864 0.029692 0.999546 -0.005121 0.619099 0.014026 0.004706 0.999891 0.337420
3.440232 0.999469 -0.028820 -0.015227 23.766090 0.028809 0.999585 -0.000954 0.658126 0.015248 0.000515 0.999883 0.357795
3.544357 0.999487 -0.028336 -0.014952 24.710048 0.028347 0.999598 0.000519 0.688867 0.014931 -0.000942 0.999888 0.383145
3.648605 0.999491 -0.028189 -0.014945 25.691409 0.028212 0.999601 0.001377 0.721380 0.014900 -0.001798 0.999887 0.410892
3.752729 0.999494 -0.028123 -0.014856 26.681563 0.028151 0.999602 0.001673 0.752425 0.014803 -0.002091 0.999888 0.437005
3.856982 0.999471 -0.029375 -0.013988 27.668893 0.029409 0.999565 0.002226 0.785784 0.013917 -0.002636 0.999899 0.464868
3.961233 0.999475 -0.030081 -0.012022 28.680787 0.030120 0.999542 0.003044 0.821978 0.011925 -0.003405 0.999923 0.490477
4.065354 0.999533 -0.028498 -0.010987 29.671475 0.028537 0.999587 0.003395 0.850304 0.010886 -0.003707 0.999934 0.513816
4.169606 0.999565 -0.027011 -0.011832 30.687392 0.027054 0.999627 0.003540 0.889572 0.011732 -0.003859 0.999924 0.542948
4.273854 0.999534 -0.027788 -0.012588 31.710971 0.027858 0.999597 0.005444 0.915255 0.012432 -0.005792 0.999906 0.567180
4.377982 0.999540 -0.027879 -0.011916 32.732787 0.027947 0.999594 0.005631 0.960490 0.011754 -0.005962 0.999913 0.592468
4.482232 0.999566 -0.027931 -0.009310 33.770142 0.027973 0.999599 0.004370 1.006442 0.009184 -0.004629 0.999947 0.618123
4.586357 0.999559 -0.029155 -0.005689 34.818516 0.029180 0.999564 0.004333 1.033539 0.005560 -0.004497 0.999975 0.639362
4.690605 0.999555 -0.029660 -0.003060 35.886364 0.029673 0.999550 0.004520 1.076774 0.002924 -0.004609 0.999985 0.662960
4.794755 0.999515 -0.031033 -0.002705 36.948777 0.031045 0.999509 0.004377 1.098270 0.002568 -0.004459 0.999987 0.680865
4.898858 0.999578 -0.028798 -0.003874 38.010601 0.028816 0.999573 0.004786 1.144839 0.003734 -0.004896 0.999981 0.698358
5.003109 0.999609 -0.027613 -0.004482 39.065959 0.027639 0.999601 0.005757 1.181909 0.004321 -0.005878 0.999973 0.716376
5.107234 0.999586 -0.028602 -0.002997 40.137281 0.028618 0.999576 0.005414 1.218475 0.002841 -0.005498 0.999981 0.734735
5.211513 0.999523 -0.030875 -0.000913 41.233070 0.030878 0.999513 0.004436 1.253229 0.000775 -0.004462 0.999990 0.755760
5.315611 0.999431 -0.033718 0.001407 42.300259 0.033710 0.999419 0.005153 1.278893 -0.001580 -0.005103 0.999986 0.775701
5.419858 0.999487 -0.031999 0.001445 43.387472 0.031990 0.999473 0.005608 1.324681 -0.001623 -0.005559 0.999984 0.793371
5.523983 0.999489 -0.031905 -0.001948 44.448745 0.031918 0.999468 0.006669 1.362605 0.001735 -0.006728 0.999976 0.813400
5.628235 0.999480 -0.031608 -0.006321 45.518369 0.031668 0.999451 0.009677 1.406006 0.006011 -0.009872 0.999933 0.834679
5.732480 0.999476 -0.031659 -0.006823 46.581450 0.031730 0.999440 0.010706 1.435204 0.006480 -0.010917 0.999920 0.856272
5.836733 0.999525 -0.030561 -0.004036 47.628467 0.030597 0.999489 0.009281 1.475991 0.003750 -0.009400 0.999949 0.875814
5.940858 0.999529 -0.030620 -0.002150 48.735327 0.030641 0.999474 0.010601 1.505177 0.001824 -0.010662 0.999942 0.898182
6.045107 0.999543 -0.030199 -0.000792 49.782766 0.030204 0.999509 0.008284 1.560391 0.000542 -0.008304 0.999966 0.916390
6.149354 0.999563 -0.029529 -0.000961 50.892950 0.029537 0.999519 0.009461 1.586953 0.000681 -0.009486 0.999955 0.935934
6.253481 0.999569 -0.029211 -0.002637 51.928849 0.029232 0.999540 0.008157 1.627162 0.002398 -0.008231 0.999963 0.955478
6.357731 0.999560 -0.029162 -0.005361 53.024060 0.029211 0.999529 0.009356 1.659885 0.005085 -0.009508 0.999942 0.974478
6.461983 0.999546 -0.029257 -0.007289 54.102164 0.029311 0.999543 0.007490 1.695535 0.007067 -0.007700 0.999946 0.997947
6.566109 0.999513 -0.029325 -0.010728 55.182089 0.029393 0.999548 0.006267 1.729206 0.010539 -0.006580 0.999923 1.025825
6.670359 0.999482 -0.029754 -0.012225 56.255250 0.029820 0.999542 0.005209 1.758949 0.012064 -0.005570 0.999912 1.054197
6.774485 0.999500 -0.029930 -0.010215 57.329457 0.029976 0.999541 0.004298 1.778744 0.010081 -0.004602 0.999938 1.085886
6.878731 0.999533 -0.030246 -0.004399 58.393428 0.030256 0.999540 0.002293 1.817911 0.004328 -0.002425 0.999987 1.110694
6.982859 0.999593 -0.028494 0.001580 59.479062 0.028493 0.999594 0.000371 1.850823 -0.001590 -0.000326 0.999998 1.129627
7.086981 0.999594 -0.028340 0.002857 60.560473 0.028345 0.999596 -0.001772 1.887780 -0.002805 0.001852 0.999994 1.148993
7.191236 0.999596 -0.028418 0.000104 61.643672 0.028418 0.999592 -0.002730 1.915757 -0.000026 0.002731 0.999997 1.168576
7.295357 0.999624 -0.027246 -0.003072 62.718416 0.027230 0.999616 -0.005111 1.947266 0.003210 0.005026 0.999982 1.183852
7.399507 0.999605 -0.027258 -0.006864 63.809771 0.027244 0.999627 -0.002165 1.974556 0.006921 0.001978 0.999974 1.207503
7.503734 0.999582 -0.026761 -0.010974 64.872820 0.026746 0.999641 -0.001506 2.004436 0.011010 0.001212 0.999938 1.232521
7.607858 0.999616 -0.024984 -0.011999 65.923418 0.025010 0.999685 0.002003 2.051187 0.011946 -0.002302 0.999926 1.258603
7.712108 0.999731 -0.021467 -0.008790 67.019674 0.021514 0.999754 0.005359 2.090858 0.008673 -0.005547 0.999947 1.281405
7.816232 0.999743 -0.021767 -0.006389 68.096292 0.021806 0.999744 0.006101 2.120384 0.006255 -0.006239 0.999961 1.307602
7.920378 0.999776 -0.020409 -0.005609 69.193902 0.020446 0.999769 0.006676 2.155315 0.005471 -0.006789 0.999962 1.333746
8.024607 0.999789 -0.020022 -0.004542 70.265683 0.020043 0.999789 0.004511 2.175230 0.004450 -0.004601 0.999980 1.355993
8.128736 0.999781 -0.020695 -0.003013 71.350701 0.020708 0.999776 0.004289 2.185738 0.002924 -0.004351 0.999986 1.381060
8.232862 0.999772 -0.021318 -0.001047 72.442989 0.021320 0.999770 0.002068 2.219369 0.001002 -0.002090 0.999997 1.405239
8.336986 0.999738 -0.022867 0.000547 73.516368 0.022867 0.999739 0.000414 2.227984 -0.000557 -0.000402 1.000000 1.423297
8.441112 0.999801 -0.019945 -0.000092 74.610066 0.019945 0.999801 -0.000099 2.265699 0.000094 0.000097 1.000000 1.447950
8.545359 0.999747 -0.022192 -0.003828 75.679004 0.022193 0.999754 0.000293 2.285636 0.003820 -0.000378 0.999992 1.470012
8.649487 0.999713 -0.023322 -0.005555 76.739502 0.023335 0.999725 0.002237 2.312498 0.005501 -0.002366 0.999982 1.492436
8.753612 0.999715 -0.023519 -0.004046 77.804151 0.023533 0.999718 0.003318 2.351650 0.003967 -0.003412 0.999987 1.514930
8.857735 0.999698 -0.024577 0.000145 78.875492 0.024576 0.999688 0.004515 2.385685 -0.000256 -0.004510 0.999990 1.537369
8.961860 0.999640 -0.026499 0.004141 79.981309 0.026478 0.999636 0.005068 2.424585 -0.004274 -0.004956 0.999979 1.555449
9.065987 0.999614 -0.027317 0.005009 81.040165 0.027285 0.999608 0.006312 2.453789 -0.005179 -0.006173 0.999967 1.572459
9.170238 0.999617 -0.027489 0.003130 82.085624 0.027468 0.999600 0.006647 2.504285 -0.003311 -0.006558 0.999973 1.585286
9.274360 0.999640 -0.026746 0.002345 83.132256 0.026730 0.999620 0.006675 2.533782 -0.002523 -0.006610 0.999975 1.603395
9.378487 0.999618 -0.027534 0.002425 84.185469 0.027517 0.999599 0.006690 2.567249 -0.002608 -0.006620 0.999975 1.621609
9.482610 0.999596 -0.028286 0.002794 85.214316 0.028272 0.999586 0.005186 2.602425 -0.002940 -0.005105 0.999983 1.641497
9.586735 0.999567 -0.029056 0.004646 86.215940 0.029033 0.999567 0.004905 2.624186 -0.004787 -0.004768 0.999977 1.659931
9.690863 0.999554 -0.029068 0.006844 87.215018 0.029043 0.999571 0.003714 2.671366 -0.006949 -0.003514 0.999969 1.675905
9.794986 0.999539 -0.029213 0.008241 88.204009 0.029190 0.999570 0.002863 2.699393 -0.008321 -0.002621 0.999962 1.692974
9.899109 0.999438 -0.032484 0.008350 89.170315 0.032468 0.999471 0.002008 2.728543 -0.008411 -0.001736 0.999963 1.708891
10.003370 0.999302 -0.036484 0.008037 90.083923 0.036475 0.999334 0.001264 2.773279 -0.008078 -0.000970 0.999967 1.724444
10.107490 0.999247 -0.038174 0.007062 90.974546 0.038165 0.999271 0.001330 2.813582 -0.007108 -0.001059 0.999975 1.738338
10.211610 0.999057 -0.042781 0.007400 91.890112 0.042777 0.999084 0.000698 2.863390 -0.007423 -0.000380 0.999973 1.751647
10.315740 0.998845 -0.047296 0.008467 92.736206 0.047286 0.998881 0.001371 2.897005 -0.008522 -0.000969 0.999964 1.764550
10.419890 0.998676 -0.050585 0.009376 93.589424 0.050559 0.998716 0.003022 2.949189 -0.009516 -0.002544 0.999952 1.779272
10.524110 0.998564 -0.052467 0.010866 94.396754 0.052433 0.998618 0.003374 3.001630 -0.011028 -0.002799 0.999935 1.791240
10.628240 0.998443 -0.054608 0.011433 95.183611 0.054548 0.998496 0.005509 3.050489 -0.011716 -0.004877 0.999919 1.803447
10.732490 0.998296 -0.057149 0.011773 95.920652 0.057068 0.998345 0.007142 3.100658 -0.012162 -0.006458 0.999905 1.814291
10.836610 0.998208 -0.058843 0.010921 96.656097 0.058748 0.998234 0.008822 3.153616 -0.011420 -0.008165 0.999902 1.825599
10.940860 0.998055 -0.061931 0.007232 97.348742 0.061852 0.998027 0.010779 3.197701 -0.007886 -0.010311 0.999915 1.838292
11.045010 0.997864 -0.065239 0.003150 98.001578 0.065192 0.997786 0.013130 3.253503 -0.003999 -0.012896 0.999909 1.849268
11.149240 0.997865 -0.065301 0.000362 98.638773 0.065288 0.997749 0.015276 3.315562 -0.001358 -0.015220 0.999883 1.860782
11.253490 0.997897 -0.064823 -0.000395 99.228271 0.064820 0.997749 0.017190 3.354429 -0.000721 -0.017179 0.999853 1.872918
11.357760 0.997900 -0.064787 -0.000331 99.804254 0.064781 0.997703 0.019834 3.394427 -0.000955 -0.019813 0.999804 1.887337
11.462110 0.997980 -0.063512 0.001120 100.389334 0.063470 0.997718 0.023036 3.449092 -0.002581 -0.022918 0.999734 1.900243
11.566360 0.998301 -0.058213 0.002588 100.903505 0.058126 0.997969 0.026085 3.475325 -0.004101 -0.025891 0.999657 1.914073
11.670740 0.998744 -0.049878 0.004697 101.427691 0.049736 0.998406 0.026667 3.514476 -0.006020 -0.026400 0.999634 1.923445
11.775110 0.999127 -0.041070 0.007552 101.909907 0.040851 0.998798 0.027085 3.530002 -0.008655 -0.026753 0.999605 1.932427
11.879370 0.999566 -0.027985 0.009262 102.388046 0.027738 0.999281 0.025848 3.552636 -0.009979 -0.025580 0.999623 1.940464
11.983860 0.999844 -0.014718 0.009743 102.835102 0.014466 0.999572 0.025414 3.544424 -0.010113 -0.025269 0.999630 1.949923
12.088240 0.999957 0.000240 0.009339 103.271163 -0.000471 0.999692 0.024811 3.548089 -0.009330 -0.024815 0.999649 1.957339
12.192740 0.999830 0.016967 0.007236 103.690165 -0.017136 0.999569 0.023838 3.529634 -0.006828 -0.023958 0.999689 1.967624
12.297110 0.999252 0.038516 0.003406 104.090186 -0.038585 0.998987 0.023156 3.514343 -0.002510 -0.023270 0.999726 1.973167
12.401640 0.997961 0.063823 -0.000525 104.500435 -0.063796 0.997723 0.021867 3.477863 0.001919 -0.021788 0.999761 1.981832
12.506120 0.995787 0.091659 -0.002956 104.877057 -0.091584 0.995605 0.019582 3.428022 0.004738 -0.019229 0.999804 1.987767
12.610740 0.992492 0.122246 -0.003812 105.258175 -0.122165 0.992363 0.017088 3.368000 0.005872 -0.016494 0.999846 1.995929
12.715240 0.987950 0.154681 -0.005301 105.622650 -0.154589 0.987870 0.014674 3.297203 0.007506 -0.013677 0.999878 2.003993
12.819860 0.981703 0.190312 -0.006336 106.005708 -0.190223 0.981659 0.012657 3.203725 0.008628 -0.011220 0.999900 2.013467
12.924370 0.973644 0.227960 -0.007199 106.350383 -0.227895 0.973646 0.008820 3.099500 0.009020 -0.006946 0.999935 2.024696
13.028860 0.963588 0.267278 -0.007821 106.708725 -0.267231 0.963610 0.006574 2.978978 0.009294 -0.004244 0.999948 2.036936
13.133360 0.951185 0.308513 -0.008156 107.034863 -0.308459 0.951211 0.007206 2.844253 0.009981 -0.004338 0.999940 2.050485
13.237880 0.935656 0.352835 -0.007427 107.372089 -0.352763 0.935664 0.009562 2.713738 0.010323 -0.006327 0.999927 2.055669
13.342370 0.917378 0.397974 -0.005755 107.701268 -0.397914 0.917376 0.009234 2.541870 0.008954 -0.006181 0.999941 2.066962
13.446740 0.897070 0.441865 -0.004430 108.000054 -0.441819 0.897063 0.008503 2.372508 0.007731 -0.005671 0.999954 2.071653
13.551240 0.873524 0.486753 -0.005247 108.298753 -0.486715 0.873532 0.007096 2.174096 0.008038 -0.003645 0.999961 2.082521
13.655610 0.849023 0.528313 -0.006824 108.562706 -0.528270 0.849046 0.007159 1.971914 0.009576 -0.002474 0.999951 2.095157
13.760010 0.821690 0.569859 -0.009253 108.838522 -0.569792 0.821739 0.009043 1.763792 0.012757 -0.002158 0.999917 2.106340
13.864360 0.792337 0.609990 -0.010731 109.088048 -0.609860 0.792400 0.013136 1.544132 0.016516 -0.003864 0.999856 2.116033
13.968740 0.758466 0.651634 -0.010076 109.357215 -0.651402 0.758492 0.019139 1.301291 0.020114 -0.007953 0.999766 2.127079
14.073120 0.721906 0.691934 -0.008979 109.588226 -0.691605 0.721875 0.024049 1.051565 0.023122 -0.011152 0.999671 2.127946
14.177490 0.683404 0.729981 -0.009294 109.813770 -0.729648 0.683399 0.024094 0.773348 0.023939 -0.009685 0.999667 2.137673
14.281780 0.643321 0.765544 -0.009012 110.027877 -0.765289 0.643351 0.020772 0.467436 0.021700 -0.006466 0.999744 2.156277
14.386120 0.601910 0.798529 -0.007485 110.219416 -0.798329 0.601933 0.018646 0.163729 0.019395 -0.005247 0.999798 2.159824
14.490490 0.556395 0.830906 -0.004526 110.415423 -0.830758 0.556387 0.016578 -0.172442 0.016293 -0.005464 0.999853 2.171781
14.594740 0.509870 0.860247 -0.002718 110.584653 -0.860142 0.509852 0.014396 -0.490215 0.013770 -0.005002 0.999892 2.176309
14.699110 0.460221 0.887803 -0.001447 110.741908 -0.887762 0.460214 0.009146 -0.854837 0.008786 -0.002925 0.999957 2.199382
14.803370 0.409355 0.912373 0.001840 110.883619 -0.912343 0.409322 0.009232 -1.211646 0.007670 -0.005458 0.999956 2.205319
14.907610 0.358080 0.933679 0.004635 111.006456 -0.933630 0.357996 0.013194 -1.564860 0.010660 -0.009051 0.999902 2.215246
15.011990 0.307684 0.951465 0.006663 111.117837 -0.951366 0.307524 0.018229 -1.963554 0.015295 -0.011948 0.999811 2.223490
15.116140 0.261350 0.965230 0.005081 111.205561 -0.965072 0.261201 0.020234 -2.354258 0.018203 -0.010191 0.999783 2.228266
15.220240 0.218790 0.975771 -0.000662 111.284692 -0.975585 0.218762 0.019450 -2.777892 0.019123 -0.003610 0.999810 2.241863
15.324240 0.183606 0.982968 -0.007885 111.329231 -0.982801 0.183725 0.018687 -3.198945 0.019818 0.004319 0.999794 2.253805
15.428120 0.152179 0.988296 -0.010634 111.386798 -0.988144 0.152359 0.018928 -3.644421 0.020326 0.007627 0.999765 2.265173
15.532120 0.124553 0.992182 -0.007839 111.437496 -0.992048 0.124672 0.017277 -4.102651 0.018119 0.005625 0.999820 2.278659
15.636010 0.099251 0.995062 -0.001289 111.488602 -0.994958 0.099259 0.014395 -4.586004 0.014452 -0.000146 0.999896 2.284720
15.739890 0.074864 0.997186 0.003880 111.536260 -0.997138 0.074818 0.010870 -5.091676 0.010549 -0.004682 0.999933 2.291715
15.843870 0.053191 0.998584 0.000432 111.541383 -0.998555 0.053186 0.007710 -5.611990 0.007676 -0.000841 0.999970 2.306297
15.947760 0.032331 0.999459 -0.006070 111.544010 -0.999446 0.032377 0.007682 -6.142369 0.007875 0.005818 0.999952 2.324055
16.051740 0.013663 0.999836 -0.011833 111.539879 -0.999861 0.013774 0.009350 -6.700480 0.009512 0.011704 0.999886 2.336662
16.155710 -0.000131 0.999931 -0.011726 111.538520 -0.999891 0.000042 0.014761 -7.263877 0.014760 0.011727 0.999822 2.342566
16.259530 -0.012600 0.999894 -0.007359 111.545945 -0.999734 -0.012455 0.019407 -7.862545 0.019313 0.007602 0.999784 2.343694
16.363390 -0.018016 0.999798 -0.008934 111.523585 -0.999648 -0.017838 0.019665 -8.477285 0.019501 0.009286 0.999766 2.353465
16.467120 -0.022027 0.999608 -0.017288 111.505235 -0.999635 -0.021750 0.016021 -9.124430 0.015639 0.017635 0.999722 2.372226
16.570990 -0.021333 0.999590 -0.019083 111.484772 -0.999674 -0.021060 0.014382 -9.790787 0.013974 0.019384 0.999714 2.389406
16.674850 -0.019525 0.999644 -0.018160 111.478121 -0.999722 -0.019280 0.013594 -10.464044 0.013239 0.018420 0.999743 2.404628
16.778640 -0.017760 0.999745 -0.013954 111.474708 -0.999741 -0.017559 0.014447 -11.139176 0.014199 0.014207 0.999798 2.415996
16.882610 -0.016395 0.999791 -0.012214 111.466158 -0.999750 -0.016207 0.015389 -11.877839 0.015188 0.012463 0.999807 2.432315
16.986490 -0.015873 0.999800 -0.012153 111.464876 -0.999747 -0.015676 0.016110 -12.549628 0.015917 0.012406 0.999797 2.447549
17.090490 -0.014772 0.999822 -0.011783 111.454301 -0.999774 -0.014589 0.015468 -13.299716 0.015293 0.012008 0.999811 2.465954
17.194620 -0.014342 0.999835 -0.011126 111.449952 -0.999797 -0.014182 0.014330 -14.042115 0.014170 0.011329 0.999835 2.479488
17.298620 -0.013997 0.999839 -0.011242 111.441536 -0.999821 -0.013852 0.012894 -14.840310 0.012736 0.011421 0.999853 2.502897
17.402740 -0.014266 0.999819 -0.012651 111.436234 -0.999846 -0.014134 0.010442 -15.610736 0.010261 0.012798 0.999866 2.520013
17.506740 -0.014828 0.999824 -0.011406 111.424233 -0.999850 -0.014724 0.009088 -16.373058 0.008919 0.011539 0.999894 2.534820
17.610870 -0.016218 0.999844 -0.007004 111.420700 -0.999835 -0.016160 0.008281 -17.170989 0.008166 0.007137 0.999941 2.552258
17.715000 -0.017259 0.999780 -0.011946 111.404297 -0.999837 -0.017195 0.005455 -17.982413 0.005248 0.012038 0.999914 2.566858
17.819120 -0.018742 0.999754 -0.011930 111.389477 -0.999820 -0.018702 0.003441 -18.780933 0.003217 0.011993 0.999923 2.586948
17.923370 -0.019645 0.999722 -0.013000 111.372251 -0.999804 -0.019611 0.002769 -19.618071 0.002513 0.013051 0.999911 2.597271
18.027490 -0.020774 0.999753 -0.007797 111.366681 -0.999760 -0.020718 0.007131 -20.417205 0.006968 0.007944 0.999944 2.611688
18.131620 -0.021714 0.999739 -0.007031 111.352704 -0.999698 -0.021630 0.011713 -21.218708 0.011558 0.007283 0.999907 2.625609
18.235760 -0.022873 0.999699 -0.008852 111.339578 -0.999654 -0.022755 0.013241 -22.066509 0.013035 0.009151 0.999873 2.649063
18.339870 -0.024377 0.999688 -0.005558 111.325879 -0.999642 -0.024314 0.011148 -22.927312 0.011009 0.005828 0.999923 2.665972
18.444000 -0.025546 0.999671 -0.002502 111.316174 -0.999649 -0.025528 0.007055 -23.734596 0.006989 0.002681 0.999972 2.687531
18.548250 -0.025296 0.999678 -0.002233 111.293646 -0.999678 -0.025292 0.001925 -24.606195 0.001868 0.002281 0.999996 2.705961
18.652370 -0.025787 0.999667 0.000992 111.283641 -0.999661 -0.025783 -0.003619 -25.432729 -0.003592 -0.001085 0.999993 2.720042
18.756500 -0.025496 0.999667 0.004060 111.272317 -0.999662 -0.025475 -0.005242 -26.272529 -0.005137 -0.004192 0.999978 2.729355
18.860740 -0.024767 0.999693 0.000673 111.260430 -0.999692 -0.024768 0.001492 -27.124100 0.001508 -0.000636 0.999999 2.750311
18.964900 -0.023825 0.999716 -0.000707 111.236673 -0.999648 -0.023815 0.011735 -27.948107 0.011715 0.000986 0.999930 2.770071
19.069120 -0.023473 0.999723 -0.001920 111.221094 -0.999578 -0.023437 0.017177 -28.782689 0.017128 0.002323 0.999851 2.789664
19.173270 -0.022078 0.999749 -0.003721 111.203099 -0.999674 -0.022029 0.012875 -29.607889 0.012790 0.004004 0.999910 2.805775
19.277500 -0.021101 0.999752 -0.007161 111.187136 -0.999767 -0.021068 0.004650 -30.448949 0.004498 0.007257 0.999963 2.830213
19.381800 -0.020966 0.999739 -0.009089 111.166575 -0.999780 -0.020954 0.001420 -31.279941 0.001229 0.009116 0.999958 2.851386
19.485910 -0.021063 0.999747 -0.007805 111.157340 -0.999777 -0.021050 0.001825 -32.104777 0.001661 0.007842 0.999968 2.870477
19.590340 -0.022427 0.999738 -0.004580 111.150670 -0.999745 -0.022415 0.002616 -32.925488 0.002513 0.004637 0.999986 2.887609
19.694390 -0.023614 0.999719 -0.002001 111.141888 -0.999718 -0.023609 0.002584 -33.734024 0.002537 0.002061 0.999994 2.901081
19.798650 -0.026735 0.999641 -0.001909 111.126590 -0.999639 -0.026730 0.002578 -34.544510 0.002526 0.001978 0.999995 2.919315
19.902930 -0.028059 0.999606 -0.000666 111.111793 -0.999602 -0.028056 0.003021 -35.353954 0.003001 0.000750 0.999995 2.939024
20.007130 -0.030324 0.999540 0.000423 111.099302 -0.999536 -0.030326 0.003123 -36.147210 0.003134 -0.000328 0.999996 2.954964
20.111410 -0.032890 0.999455 0.002574 111.077963 -0.999457 -0.032896 0.002008 -36.949433 0.002092 -0.002506 0.999995 2.969529
20.215660 -0.034553 0.999401 0.002278 111.058204 -0.999402 -0.034555 0.001118 -37.733972 0.001196 -0.002238 0.999997 2.989265
20.319990 -0.036995 0.999311 0.002704 111.033734 -0.999315 -0.036998 0.000985 -38.524140 0.001085 -0.002666 0.999996 3.006393
20.424610 -0.038580 0.999251 0.002982 111.011983 -0.999254 -0.038585 0.001610 -39.302536 0.001724 -0.002917 0.999994 3.022306
20.528590 -0.039851 0.999201 0.003196 110.986104 -0.999203 -0.039858 0.002052 -40.081713 0.002178 -0.003111 0.999993 3.035822
20.633120 -0.040836 0.999164 0.001801 110.955049 -0.999165 -0.040838 0.000885 -40.842906 0.000958 -0.001764 0.999998 3.051151
20.737490 -0.042199 0.999108 0.001080 110.926169 -0.999109 -0.042199 -0.000095 -41.611512 -0.000049 -0.001083 0.999999 3.068282
20.841310 -0.043857 0.999035 0.002364 110.899547 -0.999038 -0.043856 -0.000678 -42.372690 -0.000574 -0.002391 0.999997 3.084290
20.945510 -0.045010 0.998980 0.003623 110.875760 -0.998986 -0.045006 -0.001281 -43.131468 -0.001117 -0.003678 0.999992 3.100484
21.049750 -0.046139 0.998926 0.004221 110.847919 -0.998932 -0.046128 -0.002749 -43.866154 -0.002552 -0.004343 0.999987 3.110778
21.153990 -0.046264 0.998921 0.004129 110.815712 -0.998926 -0.046254 -0.002615 -44.596007 -0.002421 -0.004246 0.999988 3.122618
21.258280 -0.046576 0.998907 0.004147 110.789693 -0.998914 -0.046573 -0.000665 -45.277372 -0.000471 -0.004174 0.999991 3.138451
21.362520 -0.046699 0.998896 0.005000 110.762622 -0.998905 -0.046711 0.002407 -45.990355 0.002638 -0.004882 0.999984 3.154545
21.466850 -0.046714 0.998891 0.005801 110.739561 -0.998900 -0.046737 0.003864 -46.661133 0.004131 -0.005614 0.999975 3.167221
21.571010 -0.046981 0.998880 0.005674 110.707459 -0.998884 -0.047007 0.004552 -47.374886 0.004813 -0.005453 0.999974 3.183666
21.675510 -0.046776 0.998898 0.003916 110.678090 -0.998894 -0.046794 0.004490 -48.068761 0.004668 -0.003702 0.999983 3.196807
21.779630 -0.047581 0.998863 0.002824 110.653139 -0.998860 -0.047592 0.003817 -48.760544 0.003947 -0.002639 0.999989 3.214447
21.883890 -0.048020 0.998829 0.005783 110.627346 -0.998837 -0.048044 0.004103 -49.445198 0.004376 -0.005579 0.999975 3.225686
21.988560 -0.047220 0.998848 0.008582 110.603146 -0.998874 -0.047257 0.004142 -50.137389 0.004542 -0.008377 0.999955 3.241869
22.092530 -0.048225 0.998808 0.007575 110.585272 -0.998833 -0.048246 0.002572 -50.816631 0.002935 -0.007442 0.999968 3.256801
22.196780 -0.048490 0.998792 0.007859 110.551241 -0.998821 -0.048504 0.001652 -51.487954 0.002031 -0.007770 0.999968 3.268128
22.301210 -0.051834 0.998591 0.011327 110.532566 -0.998654 -0.051852 0.001245 -52.128672 0.001831 -0.011247 0.999935 3.284548
22.405410 -0.056783 0.998285 0.014243 110.506270 -0.998384 -0.056809 0.001420 -52.811328 0.002226 -0.014139 0.999898 3.294827
22.509770 -0.062666 0.997966 0.011715 110.457991 -0.998019 -0.062726 0.004793 -53.462812 0.005518 -0.011392 0.999920 3.313583
22.614140 -0.069365 0.997526 0.011373 110.408043 -0.997558 -0.069451 0.007349 -54.123178 0.008121 -0.010836 0.999909 3.318708
22.718920 -0.076239 0.997011 0.012542 110.360298 -0.997045 -0.076348 0.008486 -54.802256 0.009418 -0.011858 0.999886 3.334348
22.822680 -0.083233 0.996430 0.014122 110.318596 -0.996489 -0.083351 0.008009 -55.498684 0.009157 -0.013406 0.999868 3.350758
22.926910 -0.088608 0.995980 0.013074 110.267211 -0.996033 -0.088706 0.007111 -56.176513 0.008242 -0.012392 0.999890 3.370838
23.031260 -0.093545 0.995467 0.017187 110.210060 -0.995580 -0.093672 0.006748 -56.840946 0.008328 -0.016480 0.999829 3.385471
23.135720 -0.097190 0.995095 0.018470 110.151145 -0.995231 -0.097325 0.006521 -57.558195 0.008287 -0.017748 0.999808 3.396124
23.239660 -0.099880 0.994828 0.018468 110.087907 -0.994986 -0.099958 0.003345 -58.227328 0.005174 -0.018041 0.999824 3.408923
23.343940 -0.102418 0.994629 0.014960 110.017240 -0.994740 -0.102435 0.000372 -58.963441 0.001902 -0.014843 0.999888 3.422703
23.448150 -0.103549 0.994521 0.014333 109.946377 -0.994624 -0.103529 -0.002120 -59.670070 -0.000624 -0.014475 0.999895 3.436612
23.552380 -0.104939 0.994363 0.015214 109.877656 -0.994479 -0.104914 -0.002437 -60.387002 -0.000827 -0.015385 0.999881 3.443701
23.656510 -0.105565 0.994300 0.014933 109.805609 -0.994411 -0.105580 0.000251 -61.111408 0.001826 -0.014823 0.999888 3.454354
23.760760 -0.105717 0.994358 0.008768 109.724967 -0.994380 -0.105761 0.004780 -61.830844 0.005680 -0.008214 0.999950 3.464551
23.865000 -0.106751 0.994278 0.003965 109.636699 -0.994246 -0.106782 0.008596 -62.592927 0.008970 -0.003025 0.999955 3.483343
23.969260 -0.107668 0.994179 0.004032 109.561785 -0.994132 -0.107704 0.010110 -63.312435 0.010486 -0.002920 0.999941 3.494702
24.073430 -0.107695 0.994172 0.005042 109.489613 -0.994148 -0.107733 0.008016 -64.061398 0.008512 -0.004149 0.999956 3.510155
24.177660 -0.107077 0.994246 0.003200 109.413973 -0.994240 -0.107090 0.004328 -64.815713 0.004646 -0.002718 0.999985 3.521890
24.281890 -0.107783 0.994173 -0.001840 109.331593 -0.994174 -0.107779 0.001906 -65.563139 0.001697 0.002034 0.999997 3.540885
24.386170 -0.108922 0.994042 -0.004136 109.251609 -0.994049 -0.108914 0.002137 -66.283884 0.001674 0.004344 0.999990 3.558351
24.490410 -0.110510 0.993874 -0.001059 109.172100 -0.993872 -0.110507 0.002521 -67.041321 0.002388 0.001332 0.999996 3.573371
24.594630 -0.112598 0.993640 -0.001420 109.095475 -0.993637 -0.112594 0.002948 -67.813788 0.002769 0.001743 0.999995 3.589209
24.698880 -0.114795 0.993388 -0.001642 109.019005 -0.993385 -0.114790 0.003196 -68.514446 0.002987 0.001998 0.999993 3.601717
24.803130 -0.117051 0.993124 -0.002006 108.929439 -0.993122 -0.117045 0.003171 -69.286837 0.002915 0.002364 0.999993 3.618130
24.907380 -0.119098 0.992882 -0.000104 108.854029 -0.992879 -0.119097 0.002656 -70.011642 0.002625 0.000419 0.999997 3.629828
25.012020 -0.120400 0.992725 0.001199 108.767258 -0.992720 -0.120404 0.003349 -70.764585 0.003469 -0.000787 0.999994 3.638544
25.115970 -0.121495 0.992587 0.003082 108.683536 -0.992583 -0.121506 0.004081 -71.518417 0.004425 -0.002563 0.999987 3.658933
25.220150 -0.122634 0.992443 0.004079 108.601664 -0.992439 -0.122653 0.004624 -72.275754 0.005089 -0.003481 0.999981 3.665173
25.324430 -0.123601 0.992321 0.004686 108.509747 -0.992320 -0.123622 0.004313 -73.048115 0.004859 -0.004117 0.999980 3.682407
25.428740 -0.124915 0.992156 0.004604 108.420868 -0.992161 -0.124929 0.002861 -73.813334 0.003414 -0.004211 0.999985 3.694139
25.532890 -0.125918 0.992025 0.005727 108.327944 -0.992039 -0.125925 0.000842 -74.604695 0.001556 -0.005575 0.999983 3.708387
25.637140 -0.127278 0.991828 0.008835 108.232286 -0.991867 -0.127276 -0.000880 -75.389828 0.000252 -0.008875 0.999961 3.720069
25.741410 -0.129542 0.991534 0.008838 108.139718 -0.991573 -0.129530 -0.001918 -76.156247 -0.000757 -0.009012 0.999959 3.730311
25.845770 -0.131691 0.991257 0.008153 108.040035 -0.991291 -0.131679 -0.001981 -76.952312 -0.000890 -0.008343 0.999965 3.744601
25.950030 -0.133559 0.990998 0.009251 107.934381 -0.991041 -0.133560 -0.000441 -77.733083 0.000799 -0.009227 0.999957 3.752306
26.054250 -0.134488 0.990891 0.006987 107.827170 -0.990906 -0.134514 0.003263 -78.537010 0.004173 -0.006485 0.999970 3.767306
26.158530 -0.135898 0.990694 0.007509 107.727338 -0.990695 -0.135946 0.006382 -79.330811 0.007344 -0.006572 0.999952 3.780925
26.262800 -0.136126 0.990667 0.006927 107.608013 -0.990629 -0.136192 0.010236 -80.148501 0.011084 -0.005469 0.999924 3.798600
26.367040 -0.136078 0.990686 0.004948 107.495475 -0.990628 -0.136126 0.011252 -80.967177 0.011821 -0.003370 0.999924 3.814991
26.471270 -0.136040 0.990702 0.001600 107.383892 -0.990646 -0.136050 0.010515 -81.776026 0.010635 -0.000154 0.999943 3.837704
26.575550 -0.135821 0.990733 0.000213 107.272309 -0.990692 -0.135817 0.009131 -82.609262 0.009075 0.001029 0.999958 3.853935
26.679760 -0.135091 0.990833 0.000001 107.161662 -0.990806 -0.135087 0.007312 -83.446737 0.007246 0.000986 0.999973 3.873940
26.784000 -0.133252 0.991082 -0.000096 107.055636 -0.991068 -0.133250 0.005227 -84.284866 0.005168 0.000792 0.999987 3.891409
26.888310 -0.131967 0.991252 -0.001734 106.943625 -0.991252 -0.131963 0.002194 -85.136650 0.001946 0.002008 0.999996 3.904926
26.992430 -0.129670 0.991554 -0.002410 106.833393 -0.991556 -0.129672 -0.001076 -85.982550 -0.001379 0.002250 0.999997 3.923437
27.096690 -0.128085 0.991763 -0.001111 106.730488 -0.991762 -0.128086 -0.001122 -86.846424 -0.001255 0.000958 0.999999 3.936778
27.200890 -0.127139 0.991883 -0.002186 106.628684 -0.991882 -0.127133 0.002717 -87.682960 0.002418 0.002514 0.999994 3.951760
27.305190 -0.125028 0.992152 -0.001774 106.524569 -0.992119 -0.125009 0.008580 -88.538494 0.008291 0.002833 0.999962 3.965888
27.409410 -0.123842 0.992300 0.001600 106.424016 -0.992229 -0.123852 0.011842 -89.397321 0.011949 -0.000121 0.999929 3.986266
27.513640 -0.122292 0.992491 0.002536 106.328069 -0.992438 -0.122313 0.010296 -90.263994 0.010529 -0.001258 0.999944 3.996837
27.617880 -0.121296 0.992616 0.000700 106.230258 -0.992588 -0.121298 0.007433 -91.094301 0.007463 0.000207 0.999972 4.022467
27.722410 -0.120434 0.992722 -0.000083 106.124421 -0.992704 -0.120431 0.005970 -91.981243 0.005916 0.000802 0.999982 4.040370
27.826410 -0.120055 0.992767 0.000114 106.028905 -0.992754 -0.120054 0.005274 -92.836103 0.005249 0.000520 0.999987 4.062278
27.930640 -0.119788 0.992799 0.000758 105.933449 -0.992787 -0.119790 0.004801 -93.689837 0.004857 -0.000177 0.999988 4.082211
28.034970 -0.119040 0.992887 -0.002123 105.830506 -0.992883 -0.119032 0.003773 -94.557934 0.003494 0.002557 0.999991 4.096955
28.139150 -0.118255 0.992972 -0.004668 105.730622 -0.992980 -0.118242 0.002872 -95.422575 0.002300 0.004975 0.999985 4.117818
28.243410 -0.117422 0.993063 -0.006306 105.633820 -0.993078 -0.117401 0.003585 -96.263583 0.002820 0.006683 0.999974 4.136175
28.347630 -0.116844 0.993126 -0.006960 105.537152 -0.993137 -0.116803 0.006011 -97.112963 0.005156 0.007614 0.999958 4.152354
28.451910 -0.115457 0.993310 -0.002142 105.447642 -0.993294 -0.115441 0.006343 -97.965702 0.006053 0.002860 0.999978 4.171968
28.556140 -0.115343 0.993325 -0.001038 105.364227 -0.993319 -0.115339 0.003946 -98.824361 0.003800 0.001486 0.999992 4.186673
28.660380 -0.115448 0.993308 0.003255 105.282210 -0.993312 -0.115453 0.001353 -99.656995 0.001720 -0.003077 0.999994 4.207217
28.764800 -0.116378 0.993187 0.006016 105.196316 -0.993201 -0.116391 0.001923 -100.512127 0.002610 -0.005751 0.999980 4.227462
28.869010 -0.117636 0.992992 0.011379 105.111788 -0.993033 -0.117705 0.005631 -101.340961 0.006931 -0.010637 0.999919 4.248612
28.973270 -0.118571 0.992849 0.013803 105.019875 -0.992901 -0.118686 0.007859 -102.165802 0.009441 -0.012773 0.999874 4.260788
29.077510 -0.118552 0.992868 0.012559 104.932435 -0.992896 -0.118666 0.008757 -102.997804 0.010185 -0.011431 0.999883 4.285725
29.181800 -0.119399 0.992780 0.011531 104.837318 -0.992803 -0.119495 0.008028 -103.803914 0.009348 -0.010489 0.999901 4.307099
29.286110 -0.119940 0.992715 0.011516 104.745152 -0.992727 -0.120047 0.009004 -104.636925 0.010321 -0.010352 0.999893 4.331557
29.390270 -0.120501 0.992654 0.010841 104.649016 -0.992635 -0.120620 0.011219 -105.433849 0.012445 -0.009409 0.999878 4.356940
29.494560 -0.120935 0.992597 0.011248 104.552886 -0.992562 -0.121075 0.012772 -106.247813 0.014039 -0.009620 0.999855 4.382106
29.598790 -0.122069 0.992431 0.013382 104.455134 -0.992418 -0.122241 0.012789 -107.051912 0.014328 -0.011719 0.999829 4.407062
29.703090 -0.124072 0.992164 0.014763 104.367608 -0.992177 -0.124254 0.012089 -107.859120 0.013828 -0.013148 0.999818 4.432296
29.807270 -0.126909 0.991802 0.014944 104.264303 -0.991803 -0.127106 0.013088 -108.649221 0.014881 -0.013160 0.999803 4.457450
29.911660 -0.130515 0.991319 0.015908 104.172390 -0.991297 -0.130758 0.015275 -109.425363 0.017222 -0.013776 0.999757 4.489929
30.015910 -0.133478 0.990906 0.017046 104.072201 -0.990877 -0.133759 0.016509 -110.214469 0.018639 -0.014687 0.999718 4.515124
30.120140 -0.136960 0.990430 0.017031 103.969112 -0.990400 -0.137240 0.016548 -110.989667 0.018727 -0.014601 0.999718 4.538951
30.224420 -0.139613 0.990075 0.016095 103.864723 -0.990043 -0.139866 0.015857 -111.761922 0.017951 -0.013721 0.999744 4.569193
30.328670 -0.142968 0.989619 0.014663 103.753502 -0.989559 -0.143202 0.016308 -112.539100 0.018238 -0.012179 0.999759 4.596078
30.432920 -0.143653 0.989440 0.019250 103.647884 -0.989353 -0.144046 0.020793 -113.306907 0.023346 -0.016059 0.999598 4.624649
30.537140 -0.145603 0.989065 0.023463 103.552694 -0.988881 -0.146219 0.027080 -114.068721 0.030214 -0.019259 0.999357 4.656384
30.641400 -0.148828 0.988665 0.019803 103.435337 -0.988336 -0.149372 0.029677 -114.824794 0.032298 -0.015156 0.999363 4.688789
30.745760 -0.151360 0.988313 0.018106 103.315879 -0.988036 -0.151816 0.027155 -115.586151 0.029587 -0.013779 0.999468 4.721070
30.850030 -0.155271 0.987723 0.017164 103.207912 -0.987583 -0.155622 0.021511 -116.357814 0.023918 -0.013611 0.999621 4.753374
30.954260 -0.156793 0.987465 0.018157 103.089321 -0.987396 -0.157130 0.018935 -117.120139 0.021551 -0.014959 0.999656 4.785938
31.058390 -0.159541 0.987003 0.019281 102.975189 -0.986908 -0.159932 0.020856 -117.871263 0.023668 -0.015701 0.999596 4.820254
31.162620 -0.161462 0.986592 0.023781 102.856012 -0.986511 -0.162013 0.023408 -118.616253 0.026947 -0.019680 0.999443 4.848701
31.266890 -0.163754 0.986206 0.024146 102.740632 -0.986029 -0.164384 0.026943 -119.364194 0.030541 -0.019397 0.999346 4.875658
31.371140 -0.166769 0.985764 0.021370 102.613360 -0.985408 -0.167379 0.030911 -120.103239 0.034048 -0.015903 0.999293 4.916362
31.475390 -0.167844 0.985583 0.021344 102.488631 -0.985087 -0.168512 0.034752 -120.836153 0.037848 -0.015193 0.999168 4.952329
31.579630 -0.171177 0.984961 0.023447 102.367765 -0.984431 -0.171952 0.036443 -121.582326 0.039927 -0.016844 0.999061 4.984895
31.683900 -0.173261 0.984622 0.022358 102.246262 -0.984136 -0.173965 0.034814 -122.314616 0.038168 -0.015972 0.999144 5.017851
31.788620 -0.177740 0.983941 0.016389 102.099257 -0.983483 -0.178186 0.031775 -123.051190 0.034185 -0.010470 0.999361 5.063517
31.892590 -0.183053 0.982980 0.015526 101.969905 -0.982600 -0.183442 0.029088 -123.767792 0.031441 -0.009931 0.999456 5.101618
31.997070 -0.189352 0.981791 0.015231 101.830878 -0.981427 -0.189722 0.028418 -124.497300 0.030790 -0.009567 0.999480 5.135735
32.101220 -0.198330 0.979999 0.016353 101.697895 -0.979644 -0.198731 0.028349 -125.217021 0.031032 -0.010397 0.999464 5.173763
32.205560 -0.208381 0.977881 0.018080 101.543275 -0.977532 -0.208835 0.028604 -125.933738 0.031747 -0.011714 0.999427 5.204977
32.309930 -0.220360 0.975245 0.018421 101.393231 -0.974875 -0.220827 0.029206 -126.647669 0.032551 -0.011523 0.999403 5.241437
32.414310 -0.232314 0.972479 0.017713 101.224107 -0.972078 -0.232761 0.029796 -127.350598 0.033099 -0.010297 0.999399 5.276221
32.518590 -0.244646 0.969487 0.015596 101.044983 -0.969062 -0.245018 0.029764 -128.056615 0.032678 -0.007832 0.999436 5.309448
32.622920 -0.255579 0.966701 0.012937 100.858393 -0.966264 -0.255858 0.029523 -128.760601 0.031850 -0.004956 0.999481 5.348525
32.727140 -0.266089 0.963905 0.009101 100.661525 -0.963447 -0.266243 0.029730 -129.464479 0.031080 -0.000857 0.999516 5.380153
32.831540 -0.275430 0.961311 0.004435 100.455250 -0.960850 -0.275436 0.030010 -130.150271 0.030070 0.004005 0.999539 5.413866
32.935760 -0.282949 0.959135 -0.000986 100.246306 -0.958707 -0.282792 0.030156 -130.839910 0.028645 0.009478 0.999545 5.447661
33.040040 -0.289250 0.957253 -0.001352 100.041789 -0.956839 -0.289083 0.029845 -131.506504 0.028178 0.009927 0.999554 5.482538
33.144180 -0.293890 0.955828 -0.004580 99.831220 -0.955510 -0.293660 0.027646 -132.194990 0.025080 0.012501 0.999608 5.511504
33.248440 -0.297062 0.954786 -0.011751 99.614184 -0.954624 -0.296694 0.025797 -132.873284 0.021144 0.018881 0.999598 5.540810
33.352510 -0.298373 0.954263 -0.018878 99.391919 -0.954297 -0.297914 0.023761 -133.558386 0.017050 0.025105 0.999539 5.569958
33.456640 -0.298638 0.954075 -0.023584 99.177995 -0.954233 -0.298091 0.024115 -134.214172 0.015977 0.029706 0.999431 5.590796
