0.000000 1.000000 -0.000000 0.000000 -0.000000 0.000000 1.000000 0.000000 0.000000 0.000000 -0.000000 1.000000 -0.000000
0.103736 0.999996 -0.002721 -0.001129 0.672784 0.002717 0.999991 -0.003184 0.000508 0.001137 0.003181 0.999994 0.019690
0.207338 0.999969 -0.007375 -0.002850 1.374692 0.007367 0.999969 -0.002801 0.003031 0.002871 0.002780 0.999992 0.027451
0.311075 0.999922 -0.011971 -0.003527 2.085908 0.011963 0.999925 -0.002350 0.011915 0.003555 0.002307 0.999991 0.034147
0.414692 0.999847 -0.016992 -0.004016 2.812509 0.016988 0.999856 -0.001163 0.027416 0.004035 0.001095 0.999991 0.038567
0.518430 0.999754 -0.021801 -0.003996 3.551405 0.021792 0.999760 -0.002381 0.044224 0.004047 0.002294 0.999989 0.047205
0.622045 0.999678 -0.024824 -0.005287 4.312333 0.024818 0.999691 -0.001096 0.075166 0.005312 0.000964 0.999986 0.056247
0.725798 0.999557 -0.029072 -0.006380 5.080902 0.029088 0.999574 0.002327 0.104014 0.006310 -0.002511 0.999977 0.068193
0.829420 0.999435 -0.033216 -0.005203 5.875852 0.033238 0.999439 0.004095 0.135187 0.005064 -0.004265 0.999978 0.075464
0.933147 0.999258 -0.038427 -0.002687 6.683186 0.038437 0.999254 0.003830 0.169443 0.002538 -0.003930 0.999989 0.082752
1.036910 0.999144 -0.041375 0.000133 7.490465 0.041374 0.999140 0.002859 0.201265 -0.000251 -0.002852 0.999996 0.095372
1.140497 0.999065 -0.043235 -0.000273 8.308195 0.043235 0.999058 0.003840 0.253292 0.000107 -0.003848 0.999992 0.103002
1.244242 0.998911 -0.046659 -0.000873 9.126726 0.046662 0.998902 0.004062 0.288919 0.000683 -0.004098 0.999991 0.109013
1.347979 0.998803 -0.048889 -0.001166 9.978228 0.048890 0.998803 0.001599 0.333838 0.001087 -0.001654 0.999998 0.119054
1.451596 0.998667 -0.051598 -0.000569 10.812061 0.051599 0.998667 0.001154 0.374081 0.000508 -0.001182 0.999999 0.124641
1.555212 0.998627 -0.052371 -0.001161 11.671806 0.052370 0.998627 -0.001183 0.429756 0.001221 0.001121 0.999998 0.135476
1.658960 0.998521 -0.054288 -0.003150 12.528763 0.054291 0.998524 0.000977 0.480497 0.003092 -0.001147 0.999994 0.143531
1.762569 0.998378 -0.056588 -0.006246 13.400009 0.056604 0.998394 0.002421 0.526978 0.006099 -0.002770 0.999977 0.157241
1.866302 0.998275 -0.058188 -0.007771 14.279876 0.058237 0.998283 0.006284 0.592275 0.007392 -0.006726 0.999950 0.163717
1.969923 0.998224 -0.059055 -0.007892 15.160253 0.059114 0.998224 0.007427 0.650920 0.007439 -0.007880 0.999942 0.175342
2.073666 0.998141 -0.060619 -0.006313 16.053253 0.060662 0.998135 0.006840 0.709120 0.005887 -0.007210 0.999956 0.191172
2.177281 0.998100 -0.061420 -0.004992 16.949907 0.061452 0.998089 0.006435 0.768424 0.004587 -0.006730 0.999967 0.202998
2.281017 0.998016 -0.062786 -0.004655 17.864464 0.062817 0.998002 0.006746 0.825709 0.004223 -0.007025 0.999966 0.221531
2.384639 0.997986 -0.063164 -0.005860 18.773047 0.063203 0.997978 0.006719 0.898256 0.005424 -0.007076 0.999960 0.229228
2.488250 0.997898 -0.064534 -0.005846 19.679981 0.064566 0.997899 0.005463 0.954321 0.005481 -0.005829 0.999968 0.246832
2.591988 0.997804 -0.066114 -0.004067 20.609279 0.066135 0.997797 0.005283 1.015937 0.003709 -0.005541 0.999978 0.260486
2.695832 0.997913 -0.064579 -0.000679 21.543397 0.064582 0.997893 0.006240 1.084510 0.000275 -0.006271 0.999980 0.268444
2.799367 0.997906 -0.064622 0.002947 22.488074 0.064600 0.997887 0.006881 1.145452 -0.003385 -0.006676 0.999972 0.280033
2.903084 0.997958 -0.063598 0.005961 23.430068 0.063563 0.997961 0.005919 1.207938 -0.006325 -0.005528 0.999965 0.285633
3.006768 0.998094 -0.061309 0.007060 24.363943 0.061273 0.998107 0.005168 1.270750 -0.007363 -0.004726 0.999962 0.290425
3.110441 0.998238 -0.059217 0.003720 25.322078 0.059194 0.998229 0.005984 1.335453 -0.004068 -0.005753 0.999976 0.296054
3.214057 0.998309 -0.058132 -0.000588 26.258956 0.058135 0.998282 0.007362 1.392997 0.000159 -0.007384 0.999973 0.299246
3.317669 0.998352 -0.057258 -0.003837 27.228926 0.057282 0.998337 0.006624 1.449877 0.003451 -0.006833 0.999970 0.306296
3.421285 0.998438 -0.055781 -0.003027 28.192335 0.055793 0.998434 0.004176 1.511144 0.002790 -0.004338 0.999987 0.317039
3.524925 0.998451 -0.055574 0.002398 29.174498 0.055571 0.998454 0.001511 1.561006 -0.002478 -0.001375 0.999996 0.326600
3.628545 0.998373 -0.056714 0.005859 30.136350 0.056732 0.998385 -0.002851 1.616408 -0.005687 0.003179 0.999979 0.334536
3.732256 0.998351 -0.057108 0.005822 31.129834 0.057168 0.998307 -0.010716 1.663543 -0.005201 0.011031 0.999925 0.345721
3.835871 0.998314 -0.058020 0.001975 32.097264 0.058040 0.998241 -0.012130 1.722728 -0.001267 0.012224 0.999925 0.351484
3.939488 0.998254 -0.059023 -0.002067 33.057400 0.058993 0.998182 -0.012370 1.778952 0.002794 0.012226 0.999922 0.358585
4.043107 0.998148 -0.060766 -0.002944 34.057600 0.060727 0.998084 -0.011854 1.845823 0.003659 0.011653 0.999925 0.364556
4.146888 0.998105 -0.061528 -0.001335 35.061215 0.061505 0.998020 -0.013212 1.911489 0.002146 0.013105 0.999912 0.382510
4.250460 0.998008 -0.063088 0.001076 36.066585 0.063096 0.997949 -0.010852 1.978625 -0.000390 0.010898 0.999941 0.387463
4.354202 0.997946 -0.064009 0.002642 37.070066 0.064031 0.997905 -0.009338 2.050862 -0.002039 0.009488 0.999953 0.401035
4.457940 0.997838 -0.065540 0.004828 38.068138 0.065584 0.997802 -0.009432 2.119734 -0.004199 0.009728 0.999944 0.407570
4.561559 0.997849 -0.065034 0.008160 39.056031 0.065108 0.997836 -0.009244 2.189023 -0.007542 0.009755 0.999924 0.423963
4.665293 0.997788 -0.065750 0.009809 40.080677 0.065794 0.997824 -0.004305 2.268902 -0.009505 0.004941 0.999942 0.418303
4.768912 0.997769 -0.066113 0.009361 41.053423 0.066146 0.997805 -0.003246 2.338509 -0.009126 0.003858 0.999951 0.429060
4.872532 0.997774 -0.066227 0.007882 42.040360 0.066261 0.997794 -0.004091 2.406429 -0.007593 0.004604 0.999960 0.432743
4.976146 0.997795 -0.066181 0.005033 43.045744 0.066185 0.997807 -0.000746 2.479074 -0.004972 0.001078 0.999987 0.440209
5.079909 0.997740 -0.066990 0.005213 44.022087 0.067000 0.997751 -0.001805 2.550517 -0.005081 0.002150 0.999985 0.445063
5.183503 0.997667 -0.067969 0.006405 45.011121 0.067996 0.997677 -0.004081 2.621030 -0.006113 0.004507 0.999972 0.454453
5.287117 0.997619 -0.068576 0.007388 46.013121 0.068606 0.997636 -0.003868 2.691232 -0.007105 0.004366 0.999965 0.461151
5.390861 0.997553 -0.069756 0.004737 46.979390 0.069764 0.997562 -0.001755 2.766370 -0.004603 0.002081 0.999987 0.477548
5.494473 0.997559 -0.069832 -0.000607 47.963704 0.069832 0.997559 0.000173 2.844310 0.000593 -0.000215 1.000000 0.479987
5.598233 0.997508 -0.070538 -0.001655 48.934030 0.070539 0.997509 0.000336 2.918510 0.001627 -0.000452 0.999999 0.492021
5.701829 0.997433 -0.071591 0.001514 49.902972 0.071592 0.997434 -0.000731 2.986328 -0.001457 0.000837 0.999999 0.501569
5.805571 0.997422 -0.071541 0.005656 50.889415 0.071565 0.997428 -0.004094 3.060400 -0.005348 0.004488 0.999975 0.518962
5.909185 0.997336 -0.072677 0.006330 51.847395 0.072708 0.997341 -0.004852 3.130572 -0.005960 0.005299 0.999968 0.524480
6.012921 0.997336 -0.072747 0.005382 52.798905 0.072791 0.997313 -0.008350 3.206754 -0.004760 0.008720 0.999951 0.534796
6.116541 0.997388 -0.072113 0.004196 53.770739 0.072155 0.997332 -0.011065 3.274435 -0.003387 0.011339 0.999930 0.550483
6.220278 0.997304 -0.073198 0.005066 54.704832 0.073254 0.997241 -0.011998 3.341817 -0.004174 0.012337 0.999916 0.556360
6.323895 0.997174 -0.074517 0.009603 55.677534 0.074656 0.997096 -0.015037 3.408738 -0.008455 0.015711 0.999840 0.562089
6.427659 0.997070 -0.075100 0.014535 56.620322 0.075348 0.997006 -0.017344 3.476843 -0.013189 0.018389 0.999744 0.576779
6.531383 0.996988 -0.075748 0.016656 57.553506 0.076011 0.996983 -0.015759 3.552005 -0.015412 0.016977 0.999737 0.571873
6.634992 0.996931 -0.077131 0.013395 58.512534 0.077328 0.996895 -0.014845 3.635135 -0.012209 0.015835 0.999800 0.574510
6.738741 0.996882 -0.078717 0.005495 59.404820 0.078779 0.996818 -0.012191 3.710850 -0.004518 0.012586 0.999911 0.578897
6.842350 0.996826 -0.079619 0.000030 60.317722 0.079614 0.996771 -0.010494 3.791392 0.000805 0.010463 0.999945 0.593754
6.945963 0.996724 -0.080877 -0.000177 61.230329 0.080875 0.996708 -0.005701 3.874553 0.000637 0.005668 0.999984 0.596539
7.049705 0.996690 -0.081270 0.002229 62.107265 0.081278 0.996685 -0.003502 3.956931 -0.001937 0.003671 0.999992 0.612812
7.153323 0.996562 -0.082773 0.003732 63.016266 0.082779 0.996566 -0.001660 4.040529 -0.003582 0.001963 0.999992 0.629018
7.256934 0.996555 -0.082868 0.003476 63.880312 0.082868 0.996560 0.000173 4.116685 -0.003478 0.000116 0.999994 0.639222
7.360549 0.996397 -0.084720 0.003845 64.725723 0.084716 0.996404 0.001248 4.192909 -0.003937 -0.000918 0.999992 0.650438
7.464167 0.996313 -0.085707 0.004070 65.572622 0.085699 0.996319 0.002020 4.269820 -0.004228 -0.001663 0.999989 0.662782
7.567786 0.996165 -0.087361 0.004979 66.389369 0.087352 0.996175 0.001992 4.348217 -0.005134 -0.001550 0.999986 0.675348
7.671396 0.996011 -0.089040 0.005891 67.190610 0.089028 0.996026 0.002275 4.418781 -0.006070 -0.001741 0.999980 0.686336
7.775144 0.995820 -0.090975 0.008135 68.018294 0.090941 0.995846 0.004557 4.503057 -0.008516 -0.003799 0.999956 0.693103
7.878754 0.995692 -0.091966 0.011774 68.799427 0.091904 0.995752 0.005751 4.593230 -0.012253 -0.004645 0.999914 0.697771
7.982493 0.995512 -0.093653 0.013598 69.568274 0.093559 0.995586 0.007428 4.669058 -0.014233 -0.006122 0.999880 0.702303
8.086111 0.995493 -0.094375 0.009387 70.305085 0.094276 0.995491 0.010489 4.753457 -0.010335 -0.009556 0.999901 0.711156
8.189849 0.995399 -0.095799 0.001819 71.036622 0.095772 0.995337 0.011537 4.827496 -0.002916 -0.011310 0.999932 0.718457
8.293470 0.995317 -0.096567 -0.004179 71.740970 0.096605 0.995270 0.010352 4.901911 0.003159 -0.010707 0.999938 0.728895
8.397102 0.995272 -0.096941 -0.006075 72.420398 0.097011 0.995203 0.012658 4.974776 0.004819 -0.013188 0.999901 0.734380
8.500847 0.995123 -0.098594 -0.002926 73.107462 0.098625 0.995034 0.013432 5.047273 0.001587 -0.013655 0.999905 0.746355
8.604438 0.995016 -0.099712 -0.000511 73.756733 0.099710 0.994933 0.012944 5.117727 -0.000782 -0.012930 0.999916 0.765698
8.708175 0.994937 -0.100451 -0.003162 74.372992 0.100479 0.994886 0.010280 5.176779 0.002113 -0.010546 0.999942 0.779598
8.811795 0.994928 -0.100322 -0.007396 74.984781 0.100350 0.994947 0.003459 5.231997 0.007012 -0.004183 0.999967 0.796800
8.915403 0.995010 -0.099066 -0.011932 75.590908 0.099069 0.995080 -0.000354 5.291731 0.011908 -0.000830 0.999929 0.810047
9.019162 0.995299 -0.096044 -0.012487 76.149515 0.096064 0.995374 0.001045 5.345750 0.012329 -0.002240 0.999922 0.823629
9.122890 0.995713 -0.091920 -0.010272 76.709798 0.091987 0.995741 0.006185 5.408572 0.009660 -0.007103 0.999928 0.830899
9.226512 0.996141 -0.087468 -0.007207 77.266516 0.087506 0.996152 0.005025 5.458663 0.006739 -0.005637 0.999962 0.849742
9.330247 0.996663 -0.081581 -0.002493 77.804669 0.081583 0.996666 0.000527 5.497520 0.002442 -0.000728 0.999997 0.861678
9.433986 0.997333 -0.072970 0.001420 78.341224 0.072976 0.997324 -0.004411 5.528433 -0.001094 0.004503 0.999990 0.881153
9.537749 0.998075 -0.061998 0.001507 78.845310 0.062000 0.998076 -0.000907 5.561615 -0.001448 0.000999 0.999999 0.891523
9.641587 0.998908 -0.046714 0.000870 79.346046 0.046710 0.998901 0.004099 5.595056 -0.001061 -0.004054 0.999991 0.897063
9.745342 0.999613 -0.027777 0.001327 79.835002 0.027764 0.999577 0.008748 5.614737 -0.001569 -0.008708 0.999961 0.899133
9.849229 0.999978 -0.006275 0.002282 80.308772 0.006257 0.999950 0.007839 5.608442 -0.002331 -0.007825 0.999966 0.907530
9.953059 0.999787 0.020316 0.003687 80.781407 -0.020331 0.999786 0.003907 5.586200 -0.003607 -0.003981 0.999986 0.917683
10.056930 0.998746 0.049759 0.005566 81.219331 -0.049775 0.998757 0.002759 5.552449 -0.005422 -0.003032 0.999981 0.924699
10.160830 0.996557 0.082587 0.007319 81.669518 -0.082605 0.996581 0.002142 5.502590 -0.007117 -0.002739 0.999971 0.930039
10.264660 0.992640 0.120818 0.008319 82.121037 -0.120838 0.992671 0.002023 5.435219 -0.008013 -0.003013 0.999964 0.934859
10.368670 0.986774 0.161822 0.009572 82.542663 -0.161848 0.986813 0.002053 5.350106 -0.009114 -0.003575 0.999952 0.937765
10.472640 0.978276 0.207070 0.009923 82.961174 -0.207097 0.978319 0.001736 5.247707 -0.009349 -0.003753 0.999949 0.941763
10.576630 0.966737 0.255605 0.009242 83.380470 -0.255646 0.966764 0.003648 5.119834 -0.008002 -0.005889 0.999951 0.946063
10.680620 0.951661 0.307035 0.008357 83.749844 -0.307079 0.951674 0.004464 4.973711 -0.006583 -0.006814 0.999955 0.952640
10.784610 0.932083 0.362176 0.007083 84.141642 -0.362212 0.932085 0.004509 4.802617 -0.004969 -0.006768 0.999964 0.955829
10.888750 0.908249 0.418379 0.006570 84.482331 -0.418414 0.908244 0.004989 4.620479 -0.003880 -0.007280 0.999966 0.957871
10.992720 0.879860 0.475202 0.005516 84.817682 -0.475228 0.879846 0.005417 4.415213 -0.002279 -0.007388 0.999970 0.952119
11.096590 0.846514 0.532354 0.003705 85.150961 -0.532365 0.846509 0.003288 4.174632 -0.001386 -0.004755 0.999987 0.960966
11.200570 0.810371 0.585909 0.003070 85.429649 -0.585917 0.810367 0.002660 3.931690 -0.000930 -0.003954 0.999991 0.965467
11.304310 0.770806 0.637058 0.004045 85.720737 -0.637065 0.770810 0.000689 3.655310 -0.002679 -0.003108 0.999991 0.973807
11.408180 0.728434 0.685079 0.007079 85.972647 -0.685094 0.728454 -0.000306 3.394113 -0.005367 -0.004627 0.999975 0.972831
11.511920 0.683216 0.730176 0.007657 86.213836 -0.730189 0.683243 -0.001466 3.098027 -0.006302 -0.004590 0.999969 0.971940
11.615530 0.635584 0.772015 0.004959 86.448860 -0.772010 0.635601 -0.003403 2.774299 -0.005779 -0.001666 0.999982 0.975980
11.719270 0.587745 0.809044 0.002004 86.622206 -0.809021 0.587745 -0.006421 2.465860 -0.006373 0.002153 0.999977 0.986155
11.822770 0.540968 0.841038 0.002955 86.807965 -0.841025 0.540976 -0.004842 2.123199 -0.005671 0.000134 0.999984 0.988029
11.926380 0.493407 0.869779 0.005857 86.964092 -0.869784 0.493427 -0.002333 1.806734 -0.004919 -0.003943 0.999980 0.987299
12.030000 0.448779 0.893613 0.007255 87.097965 -0.893635 0.448794 -0.000642 1.465889 -0.003830 -0.006195 0.999974 0.990759
12.133610 0.407646 0.913140 0.000832 87.229595 -0.913135 0.407646 -0.002993 1.102281 -0.003072 0.000460 0.999995 0.988312
12.237100 0.369168 0.929306 -0.010304 87.317725 -0.929336 0.369050 -0.011698 0.749630 -0.007068 0.013894 0.999879 0.999197
12.340600 0.335145 0.942052 -0.014708 87.415697 -0.942110 0.334913 -0.016185 0.387754 -0.010321 0.019281 0.999760 0.995495
12.444110 0.302923 0.952938 -0.012127 87.525876 -0.952976 0.302772 -0.012871 0.020119 -0.008594 0.015456 0.999844 0.998313
12.547670 0.273090 0.961981 -0.003678 87.635446 -0.961982 0.273071 -0.004681 -0.335255 -0.003499 0.004816 0.999982 0.998065
12.651070 0.245440 0.969411 0.001081 87.729622 -0.969412 0.245441 0.000394 -0.718930 0.000116 -0.001144 1.000000 1.006108
12.754690 0.220143 0.975467 -0.000445 87.803346 -0.975466 0.220144 0.001425 -1.115141 0.001488 0.000120 0.999998 1.014580
12.858060 0.197988 0.980170 -0.008197 87.867145 -0.980197 0.198013 0.002386 -1.506444 0.003961 0.007563 0.999964 1.017323
12.961670 0.177762 0.983951 -0.015507 87.921585 -0.984021 0.177893 0.007548 -1.905111 0.010185 0.013918 0.999851 1.016979
13.065200 0.156596 0.987531 -0.016143 87.978923 -0.987517 0.156833 0.014664 -2.328585 0.017013 0.013645 0.999762 1.007788
13.168770 0.138326 0.990298 -0.013275 88.042902 -0.990235 0.138526 0.015655 -2.774475 0.017342 0.010980 0.999789 1.012743
13.272350 0.123387 0.992272 -0.013107 88.102563 -0.992276 0.123537 0.011236 -3.217600 0.012769 0.011619 0.999851 1.021518
13.375880 0.109169 0.993938 -0.013013 88.146472 -0.993983 0.109274 0.007564 -3.692996 0.008940 0.012109 0.999887 1.036995
13.479500 0.097195 0.995169 -0.013913 88.189738 -0.995245 0.097274 0.005084 -4.169397 0.006413 0.013352 0.999890 1.048219
13.583110 0.086809 0.996062 -0.018043 88.224635 -0.996211 0.086891 0.003762 -4.658077 0.005315 0.017648 0.999830 1.055644
13.686720 0.077771 0.996761 -0.020463 88.255227 -0.996956 0.077868 0.003977 -5.152651 0.005557 0.020091 0.999783 1.061349
13.790340 0.069948 0.997294 -0.022640 88.287803 -0.997533 0.070065 0.004402 -5.695982 0.005976 0.022276 0.999734 1.067368
13.893950 0.063527 0.997684 -0.024318 88.320377 -0.997961 0.063659 0.004678 -6.238220 0.006215 0.023972 0.999694 1.071011
13.997670 0.057751 0.998019 -0.024951 88.350343 -0.998308 0.057900 0.005306 -6.786715 0.006740 0.024602 0.999674 1.077048
14.101300 0.053160 0.998281 -0.024662 88.377007 -0.998559 0.053324 0.006022 -7.373763 0.007327 0.024307 0.999678 1.079536
14.204920 0.048215 0.998458 -0.027502 88.405039 -0.998809 0.048400 0.006089 -7.984336 0.007410 0.027176 0.999603 1.086334
14.308540 0.044150 0.998610 -0.028808 88.440401 -0.998999 0.044337 0.005876 -8.585006 0.007145 0.028520 0.999568 1.094054
14.412270 0.041507 0.998681 -0.030226 88.463950 -0.999117 0.041685 0.005293 -9.213493 0.006545 0.029979 0.999529 1.101340
14.515890 0.039085 0.998721 -0.032096 88.485107 -0.999217 0.039259 0.004802 -9.864983 0.006056 0.031883 0.999474 1.106699
14.619680 0.037805 0.998647 -0.035733 88.512968 -0.999270 0.037977 0.004134 -10.537104 0.005485 0.035550 0.999353 1.116030
14.723260 0.038350 0.998483 -0.039517 88.531401 -0.999252 0.038518 0.003508 -11.256616 0.005025 0.039353 0.999213 1.123961
14.826860 0.040538 0.998339 -0.040942 88.558983 -0.999165 0.040712 0.003415 -11.948506 0.005076 0.040770 0.999156 1.133054
14.930480 0.044607 0.998066 -0.043280 88.591652 -0.998991 0.044797 0.003414 -12.676460 0.005346 0.043084 0.999057 1.138038
15.034100 0.047290 0.997913 -0.043972 88.632933 -0.998869 0.047456 0.002742 -13.400368 0.004823 0.043793 0.999029 1.145445
15.137840 0.051889 0.997586 -0.046161 88.664895 -0.998645 0.052011 0.001457 -14.169826 0.003855 0.046022 0.998933 1.153399
15.241450 0.055309 0.997416 -0.045841 88.712113 -0.998467 0.055356 -0.000241 -14.921478 0.002297 0.045784 0.998949 1.158571
15.345080 0.058582 0.997341 -0.043337 88.764118 -0.998282 0.058547 -0.002057 -15.712839 0.000486 0.043383 0.999058 1.163844
15.448810 0.062447 0.997175 -0.041731 88.821005 -0.998048 0.062362 -0.003321 -16.509778 -0.000709 0.041857 0.999123 1.169332
15.552550 0.067673 0.996914 -0.039786 88.877942 -0.997707 0.067609 -0.002951 -17.341955 -0.000252 0.039894 0.999203 1.176116
15.656170 0.070753 0.996784 -0.037611 88.947355 -0.997486 0.070852 0.001316 -18.144450 0.003977 0.037423 0.999291 1.188626
15.759900 0.071290 0.996885 -0.033759 89.020266 -0.997416 0.071549 0.006505 -18.945032 0.008900 0.033208 0.999409 1.195291
15.863640 0.070877 0.997026 -0.030246 89.086108 -0.997414 0.071199 0.009735 -19.759193 0.011860 0.029478 0.999495 1.211648
15.967390 0.071214 0.997075 -0.027744 89.150930 -0.997397 0.071498 0.009360 -20.582002 0.011316 0.027005 0.999571 1.222567
16.071020 0.071282 0.997117 -0.026006 89.216846 -0.997412 0.071501 0.007575 -21.408048 0.009413 0.025398 0.999633 1.241809
16.174740 0.070393 0.997191 -0.025591 89.279559 -0.997489 0.070568 0.006006 -22.208480 0.007795 0.025104 0.999655 1.261532
16.278450 0.070061 0.997262 -0.023691 89.345992 -0.997518 0.070206 0.005375 -23.035949 0.007024 0.023256 0.999705 1.279046
16.382090 0.070152 0.997297 -0.021831 89.409988 -0.997513 0.070281 0.005212 -23.846695 0.006732 0.021411 0.999748 1.295971
16.485710 0.070988 0.997285 -0.019585 89.473381 -0.997448 0.071123 0.006248 -24.647680 0.007624 0.019092 0.999789 1.312396
16.589330 0.070228 0.997402 -0.016056 89.541424 -0.997494 0.070356 0.007502 -25.458044 0.008612 0.015489 0.999842 1.329544
16.693090 0.067156 0.997656 -0.013168 89.605090 -0.997711 0.067252 0.007041 -26.252671 0.007910 0.012665 0.999889 1.345817
16.796680 0.064321 0.997876 -0.010316 89.669101 -0.997908 0.064384 0.005836 -27.061455 0.006488 0.009919 0.999930 1.363724
16.900430 0.058546 0.998253 -0.007991 89.721737 -0.998277 0.058575 0.003475 -27.886780 0.003937 0.007773 0.999963 1.380241
17.004190 0.052027 0.998626 -0.006281 89.772333 -0.998645 0.052035 0.001195 -28.722578 0.001520 0.006211 0.999979 1.392796
17.107900 0.044611 0.998991 -0.005065 89.819173 -0.999004 0.044616 0.001030 -29.515205 0.001255 0.005014 0.999986 1.409114
17.211650 0.036360 0.999329 -0.004444 89.849279 -0.999337 0.036368 0.001763 -30.304659 0.001923 0.004377 0.999989 1.419303
17.315390 0.025486 0.999665 -0.004449 89.874941 -0.999673 0.025496 0.002126 -31.102090 0.002238 0.004394 0.999988 1.432726
17.419150 0.014599 0.999881 -0.005039 89.886840 -0.999893 0.014605 0.001138 -31.878712 0.001212 0.005022 0.999987 1.443465
17.522870 0.004878 0.999978 -0.004493 89.894377 -0.999988 0.004878 0.000083 -32.685865 0.000105 0.004493 0.999990 1.454438
17.626480 -0.006096 0.999969 -0.005010 89.896539 -0.999981 -0.006100 -0.000818 -33.481484 -0.000849 0.005005 0.999987 1.468961
17.730220 -0.017177 0.999839 -0.005137 89.884416 -0.999852 -0.017183 -0.001011 -34.254377 -0.001099 0.005119 0.999986 1.479683
17.833840 -0.029677 0.999548 -0.004965 89.860137 -0.999559 -0.029679 -0.000249 -35.046693 -0.000397 0.004956 0.999987 1.490977
17.937460 -0.039812 0.999195 -0.004898 89.837040 -0.999207 -0.039810 0.000476 -35.823384 0.000281 0.004913 0.999988 1.500302
18.041200 -0.051179 0.998680 -0.004479 89.794638 -0.998689 -0.051174 0.001221 -36.593270 0.000990 0.004536 0.999989 1.512681
18.144820 -0.061123 0.998118 -0.004947 89.754954 -0.998129 -0.061114 0.001842 -37.347246 0.001536 0.005051 0.999986 1.523874
18.248550 -0.070843 0.997469 -0.006075 89.702356 -0.997486 -0.070831 0.002140 -38.074270 0.001704 0.006211 0.999980 1.535585
18.352170 -0.081042 0.996695 -0.005530 89.647237 -0.996709 -0.081030 0.002361 -38.826285 0.001905 0.005703 0.999982 1.552196
18.455930 -0.088894 0.996016 -0.007125 89.584467 -0.996040 -0.088884 0.001766 -39.553449 0.001125 0.007254 0.999973 1.564116
18.559570 -0.096717 0.995268 -0.009359 89.515133 -0.995312 -0.096715 0.000638 -40.272848 -0.000270 0.009377 0.999956 1.574282
18.663260 -0.102623 0.994649 -0.011936 89.438059 -0.994718 -0.102642 -0.000983 -41.015045 -0.002203 0.011772 0.999928 1.588145
18.766880 -0.106546 0.994184 -0.015658 89.362904 -0.994297 -0.106604 -0.002905 -41.710765 -0.004557 0.015259 0.999873 1.599867
18.870490 -0.108819 0.993916 -0.017040 89.283785 -0.994043 -0.108905 -0.004243 -42.405268 -0.006073 0.016476 0.999846 1.609036
18.974110 -0.110655 0.993692 -0.018230 89.207138 -0.993835 -0.110760 -0.004897 -43.102099 -0.006885 0.017576 0.999822 1.616331
19.077720 -0.111500 0.993602 -0.017969 89.131070 -0.993741 -0.111602 -0.004788 -43.772338 -0.006763 0.017322 0.999827 1.622867
19.181410 -0.110197 0.993722 -0.019343 89.058586 -0.993893 -0.110287 -0.003661 -44.414737 -0.005772 0.018822 0.999806 1.631231
19.285020 -0.108356 0.993918 -0.019657 88.996706 -0.994101 -0.108425 -0.002490 -45.064702 -0.004606 0.019272 0.999804 1.638985
19.388680 -0.102368 0.994535 -0.020542 88.936960 -0.994740 -0.102423 -0.001650 -45.668702 -0.003745 0.020265 0.999788 1.645879
19.492240 -0.095454 0.995248 -0.019244 88.883379 -0.995430 -0.095490 -0.000940 -46.284789 -0.002773 0.019066 0.999815 1.653585
19.595800 -0.082698 0.996402 -0.018551 88.842444 -0.996572 -0.082725 -0.000739 -46.861097 -0.002271 0.018427 0.999828 1.661240
19.699410 -0.069298 0.997429 -0.018242 88.811916 -0.997594 -0.069321 -0.000607 -47.420559 -0.001870 0.018157 0.999833 1.672388
19.802910 -0.053233 0.998428 -0.017546 88.795605 -0.998583 -0.053222 0.001146 -47.967279 0.000211 0.017582 0.999846 1.680157
19.906520 -0.031995 0.999348 -0.016716 88.796208 -0.999483 -0.031938 0.003668 -48.490545 0.003132 0.016825 0.999854 1.691524
20.010020 -0.007414 0.999861 -0.014886 88.794389 -0.999948 -0.007309 0.007066 -49.016353 0.006956 0.014938 0.999864 1.702866
20.113500 0.021224 0.999681 -0.013662 88.822722 -0.999730 0.021351 0.009210 -49.531350 0.009499 0.013463 0.999864 1.711929
20.217140 0.055316 0.998383 -0.013140 88.860823 -0.998422 0.055436 0.008942 -50.046148 0.009656 0.012625 0.999874 1.723439
20.320610 0.093133 0.995572 -0.012694 88.932112 -0.995622 0.093224 0.006776 -50.564624 0.007929 0.012007 0.999896 1.734708
20.424100 0.133147 0.991028 -0.011615 89.017069 -0.991084 0.133195 0.003423 -51.050552 0.004939 0.011056 0.999927 1.747527
20.527470 0.177855 0.984014 -0.009154 89.131925 -0.984057 0.177859 -0.000478 -51.574572 0.001158 0.009093 0.999958 1.760558
20.630960 0.227028 0.973874 -0.005247 89.277369 -0.973885 0.227011 -0.003728 -52.046373 -0.002439 0.005957 0.999979 1.769490
20.734440 0.279545 0.960130 -0.002280 89.433842 -0.960124 0.279531 -0.004999 -52.535656 -0.004162 0.003587 0.999985 1.776462
20.837960 0.333969 0.942581 -0.002267 89.628203 -0.942578 0.333955 -0.004687 -53.000078 -0.003660 0.003702 0.999987 1.778123
20.941510 0.392436 0.919767 -0.004807 89.837755 -0.919778 0.392421 -0.003890 -53.442746 -0.001692 0.005948 0.999981 1.791168
21.045020 0.451991 0.891972 -0.009499 90.059753 -0.892014 0.452007 -0.000363 -53.848744 0.003970 0.008638 0.999955 1.797373
21.148370 0.511808 0.858979 -0.014386 90.333236 -0.859040 0.511898 0.003274 -54.248570 0.010177 0.010682 0.999891 1.808350
21.251900 0.569770 0.821669 -0.014891 90.611906 -0.821667 0.569912 0.007976 -54.619394 0.015040 0.007691 0.999857 1.814354
21.355440 0.624814 0.780622 -0.015362 90.940065 -0.780554 0.624984 0.011365 -54.973282 0.018472 0.004890 0.999818 1.819014
21.459000 0.675860 0.736833 -0.017044 91.272228 -0.736731 0.676064 0.012822 -55.296571 0.020971 0.003891 0.999773 1.831100
21.562720 0.723597 0.689975 -0.018509 91.604713 -0.689896 0.723819 0.011354 -55.592531 0.021231 0.004553 0.999764 1.842764
21.666360 0.768208 0.640023 -0.015059 92.004376 -0.639989 0.768347 0.007601 -55.880756 0.016435 0.003799 0.999857 1.859749
21.770100 0.809586 0.586896 -0.011140 92.400699 -0.586902 0.809653 0.003096 -56.129428 0.010837 0.004032 0.999933 1.869586
21.873950 0.846319 0.532643 -0.005956 92.792137 -0.532653 0.846334 0.000145 -56.349024 0.005118 0.003050 0.999982 1.881576
21.977710 0.877663 0.479278 -0.000757 93.233010 -0.479279 0.877660 -0.002197 -56.557920 -0.000389 0.002291 0.999997 1.887275
22.081440 0.903571 0.428412 0.004739 93.672651 -0.428405 0.903584 -0.002579 -56.735597 -0.005387 0.000300 0.999986 1.900066
22.185310 0.923750 0.382896 0.008785 94.109825 -0.382908 0.923786 -0.000402 -56.882121 -0.008270 -0.002992 0.999962 1.911492
22.289170 0.939474 0.342424 0.011669 94.584901 -0.342496 0.939507 0.004752 -57.022531 -0.009336 -0.008461 0.999920 1.910215
22.393170 0.951496 0.307418 0.012193 95.037706 -0.307543 0.951481 0.010103 -57.143720 -0.008496 -0.013363 0.999875 1.912208
22.497160 0.961069 0.276107 0.010626 95.513754 -0.276224 0.961019 0.011896 -57.264558 -0.006927 -0.014368 0.999873 1.900617
22.601290 0.967246 0.253659 0.009629 95.991076 -0.253731 0.967248 0.007274 -57.389583 -0.007469 -0.009479 0.999927 1.909992
22.705510 0.971155 0.238285 0.008958 96.474419 -0.238329 0.971175 0.004192 -57.503537 -0.007701 -0.006206 0.999951 1.914410
22.809640 0.974390 0.224675 0.009297 96.987306 -0.224748 0.974387 0.007708 -57.612752 -0.007327 -0.009600 0.999927 1.914612
22.913660 0.976351 0.215936 0.010434 97.472612 -0.216064 0.976289 0.013299 -57.700600 -0.007315 -0.015239 0.999858 1.908994
23.017610 0.977799 0.209295 0.010283 97.998552 -0.209464 0.977614 0.019881 -57.794505 -0.005891 -0.021594 0.999749 1.906768
23.121720 0.978400 0.206566 0.008007 98.514986 -0.206708 0.978035 0.026834 -57.887307 -0.002288 -0.027909 0.999608 1.907124
23.225710 0.978626 0.205569 0.005820 99.042306 -0.205652 0.978217 0.028257 -57.995472 0.000115 -0.028850 0.999584 1.913895
23.329700 0.978127 0.208001 0.001867 99.587765 -0.207975 0.977767 0.026799 -58.117490 0.003748 -0.026601 0.999640 1.917569
23.433600 0.977164 0.212442 -0.004389 100.130679 -0.212261 0.976870 0.025884 -58.240240 0.009787 -0.024361 0.999655 1.924108
23.537560 0.976154 0.216908 -0.008558 100.691923 -0.216603 0.975869 0.027608 -58.363716 0.014340 -0.025096 0.999582 1.930772
23.641430 0.975243 0.221013 -0.007386 101.278403 -0.220691 0.974852 0.030975 -58.492125 0.014046 -0.028578 0.999493 1.934058
23.745190 0.973921 0.226871 -0.002757 101.868235 -0.226656 0.973401 0.033427 -58.613464 0.010267 -0.031931 0.999437 1.941147
23.848990 0.972929 0.231101 0.001551 102.480996 -0.231034 0.972437 0.031445 -58.764355 0.005759 -0.030952 0.999504 1.955145
23.952650 0.971965 0.235035 0.006493 103.086738 -0.235125 0.971588 0.027080 -58.914916 0.000056 -0.027847 0.999612 1.963593
24.056420 0.971084 0.238486 0.010967 103.711409 -0.238687 0.970801 0.023985 -59.068933 -0.004927 -0.025909 0.999652 1.969440
24.160010 0.970309 0.241622 0.010932 104.356792 -0.241798 0.970127 0.019705 -59.235532 -0.005844 -0.021764 0.999746 1.973227
24.263960 0.970087 0.242649 0.007222 104.992792 -0.242739 0.969946 0.016786 -59.399797 -0.002932 -0.018037 0.999833 1.977370
24.367270 0.970227 0.242199 -0.000323 105.626463 -0.242167 0.970118 0.015094 -59.562342 0.003969 -0.014566 0.999886 1.981735
24.471000 0.970373 0.241543 -0.005756 106.287263 -0.241392 0.970232 0.019499 -59.720211 0.010295 -0.017532 0.999794 1.988447
24.574560 0.970962 0.239092 -0.008245 106.948058 -0.238856 0.970789 0.022721 -59.882030 0.013436 -0.020092 0.999708 1.992866
24.678100 0.971638 0.236422 -0.005045 107.646149 -0.236267 0.971455 0.021320 -60.048708 0.009941 -0.019523 0.999760 1.999442
24.781830 0.971969 0.235109 0.001229 108.358568 -0.235094 0.971825 0.016947 -60.222277 0.002790 -0.016760 0.999856 2.011983
24.885470 0.972601 0.232382 0.006734 109.066834 -0.232462 0.972479 0.015656 -60.385896 -0.002910 -0.016793 0.999854 2.023944
24.989130 0.973000 0.230685 0.007369 109.797891 -0.230787 0.972811 0.019440 -60.550127 -0.002684 -0.020616 0.999784 2.031954
25.092670 0.973496 0.228672 0.003976 110.527648 -0.228698 0.973176 0.025014 -60.708234 0.001851 -0.025261 0.999679 2.033322
25.196320 0.974293 0.225282 -0.000913 111.292258 -0.225177 0.973948 0.026850 -60.877588 0.006938 -0.025954 0.999639 2.039340
25.299900 0.975198 0.221302 -0.003697 112.031901 -0.221124 0.974866 0.027198 -61.041842 0.009623 -0.025705 0.999623 2.040033
25.403640 0.976010 0.217696 -0.003562 112.793820 -0.217554 0.975759 0.023799 -61.213341 0.008656 -0.022453 0.999711 2.052356
25.507250 0.976842 0.213949 -0.002116 113.586831 -0.213861 0.976646 0.020670 -61.388774 0.006489 -0.019739 0.999784 2.068228
25.610880 0.977307 0.211828 -0.000189 114.389959 -0.211791 0.977150 0.017950 -61.560473 0.003987 -0.017503 0.999839 2.079564
25.714630 0.977487 0.210992 0.001460 115.177130 -0.210990 0.977376 0.014823 -61.732389 0.001700 -0.014797 0.999889 2.085203
25.818220 0.977678 0.210095 0.002338 115.980310 -0.210108 0.977613 0.011254 -61.909807 0.000079 -0.011494 0.999934 2.098166
25.921980 0.977713 0.209916 0.003637 116.786495 -0.209944 0.977655 0.010699 -62.076172 -0.001309 -0.011224 0.999937 2.101738
26.025680 0.977776 0.209626 0.003102 117.610627 -0.209649 0.977647 0.015922 -62.247305 0.000305 -0.016218 0.999869 2.112079
26.129230 0.977561 0.210652 0.001160 118.425747 -0.210627 0.977330 0.021511 -62.406728 0.003398 -0.021273 0.999768 2.118873
26.232990 0.977328 0.211726 0.001532 119.236022 -0.211676 0.976878 0.030049 -62.569988 0.004866 -0.029692 0.999547 2.128449
26.336550 0.976764 0.214277 0.004158 120.076527 -0.214286 0.976101 0.036169 -62.738804 0.003692 -0.036219 0.999337 2.136915
26.440340 0.976052 0.217457 0.005980 120.907041 -0.217525 0.975313 0.038053 -62.907583 0.002443 -0.038443 0.999258 2.146062
26.544050 0.975512 0.219880 0.005412 121.750390 -0.219924 0.974769 0.038196 -63.090322 0.003123 -0.038451 0.999255 2.157621
26.647670 0.975006 0.222143 0.003987 122.571680 -0.222123 0.974204 0.039867 -63.274643 0.004972 -0.039756 0.999197 2.168877
26.751260 0.974670 0.223635 0.002148 123.410897 -0.223593 0.974188 0.031053 -63.473255 0.004852 -0.030747 0.999516 2.181148
26.854880 0.974737 0.223354 0.001028 124.235041 -0.223306 0.974412 0.025613 -63.673421 0.004719 -0.025196 0.999672 2.196592
26.958500 0.974465 0.224538 0.000610 125.086387 -0.224486 0.974176 0.024205 -63.865980 0.004841 -0.023723 0.999707 2.218840
27.062230 0.973978 0.226612 0.003822 125.914897 -0.226631 0.973605 0.027054 -64.052710 0.002410 -0.027217 0.999627 2.226599
27.165870 0.973798 0.227188 0.010137 126.753485 -0.227391 0.973370 0.029070 -64.238295 -0.003263 -0.030613 0.999526 2.236824
27.269470 0.973478 0.228339 0.014225 127.596984 -0.228683 0.973003 0.031153 -64.422906 -0.006728 -0.033580 0.999413 2.244680
27.373230 0.973322 0.229294 0.008359 128.439924 -0.229444 0.972827 0.031025 -64.621246 -0.001018 -0.032115 0.999483 2.256280
27.476870 0.973158 0.230029 -0.007094 129.240334 -0.229765 0.972870 0.027060 -64.814560 0.013126 -0.024704 0.999609 2.267207
27.580440 0.973162 0.229574 -0.015872 130.050149 -0.229126 0.973052 0.025880 -65.008195 0.021386 -0.021549 0.999539 2.292605
27.684070 0.973420 0.228884 -0.008065 130.897685 -0.228635 0.973211 0.024224 -65.207742 0.013394 -0.021736 0.999674 2.303384
27.787700 0.973816 0.227086 0.010745 131.737786 -0.227239 0.973702 0.016362 -65.404103 -0.006747 -0.018375 0.999808 2.317996
27.891280 0.973773 0.226018 0.026130 132.594850 -0.226307 0.974017 0.008689 -65.603232 -0.023488 -0.014375 0.999621 2.333900
27.995100 0.974140 0.224951 0.021200 133.399581 -0.225273 0.974192 0.014229 -65.780604 -0.017452 -0.018637 0.999674 2.334874
28.098650 0.974552 0.224005 0.008449 134.197901 -0.224150 0.974219 0.025576 -65.951730 -0.002502 -0.026819 0.999637 2.339379
28.202280 0.974668 0.223657 -0.000397 135.002436 -0.223566 0.974316 0.026961 -66.126743 0.006417 -0.026190 0.999637 2.331834
28.305870 0.975146 0.221550 -0.002314 135.807409 -0.221440 0.974902 0.023057 -66.312587 0.007364 -0.021972 0.999731 2.350031
28.409630 0.975786 0.218724 -0.001354 136.607493 -0.218650 0.975587 0.020564 -66.492556 0.005818 -0.019770 0.999788 2.370164
28.513230 0.976504 0.215491 -0.001762 137.434448 -0.215404 0.976286 0.021582 -66.664723 0.006371 -0.020696 0.999766 2.386483
28.616840 0.977622 0.210350 -0.002947 138.229211 -0.210218 0.977352 0.024320 -66.835260 0.007996 -0.023157 0.999700 2.401457
28.722280 0.978151 0.207884 -0.002481 139.030281 -0.207739 0.977796 0.027565 -66.992304 0.008156 -0.026447 0.999617 2.419317
28.824220 0.978730 0.205147 -0.001194 139.833325 -0.204977 0.978123 0.035500 -67.143009 0.008450 -0.034500 0.999369 2.429920
28.927940 0.979001 0.203853 0.001288 140.621587 -0.203760 0.978316 0.037155 -67.291875 0.006314 -0.036637 0.999309 2.447662
29.031560 0.979317 0.202276 0.004805 141.423886 -0.202322 0.978736 0.033795 -67.457064 0.002133 -0.034068 0.999417 2.464204
29.135300 0.979644 0.200680 0.005071 142.218992 -0.200738 0.979101 0.032669 -67.617271 0.001591 -0.033022 0.999453 2.479192
29.238910 0.980093 0.198528 0.002172 143.018867 -0.198496 0.979587 0.031766 -67.774841 0.004179 -0.031565 0.999493 2.491739
29.342530 0.980936 0.194316 -0.002297 143.801529 -0.194182 0.980582 0.027444 -67.933026 0.007585 -0.026475 0.999621 2.506258
29.446140 0.982173 0.187938 -0.003958 144.594186 -0.187774 0.981869 0.025960 -68.086731 0.008765 -0.024755 0.999655 2.518390
29.549760 0.983477 0.181037 0.000469 145.392099 -0.180996 0.983189 0.024050 -68.231801 0.003892 -0.023737 0.999711 2.524296
29.653420 0.984491 0.175244 0.008156 146.182376 -0.175371 0.984315 0.019225 -68.370003 -0.004659 -0.020357 0.999782 2.543606
29.757120 0.985148 0.170781 0.017824 146.984857 -0.171109 0.985072 0.018848 -68.504925 -0.014339 -0.021618 0.999663 2.559366
29.860880 0.985794 0.166658 0.020885 147.761827 -0.167093 0.985715 0.021146 -68.625681 -0.017062 -0.024335 0.999558 2.553833
29.964620 0.986677 0.161852 0.016538 148.573347 -0.162236 0.986425 0.025410 -68.751902 -0.012201 -0.027754 0.999540 2.551708
30.068210 0.987861 0.155197 0.006742 149.341530 -0.155323 0.987505 0.026626 -68.866504 -0.002525 -0.027350 0.999623 2.560038
30.172000 0.988853 0.148892 0.000559 150.120879 -0.148853 0.988494 0.026893 -68.986014 0.003451 -0.026677 0.999638 2.555657
30.275700 0.989866 0.142004 0.000874 150.943694 -0.141988 0.989612 0.022544 -69.094710 0.002337 -0.022440 0.999746 2.569611
30.379310 0.990961 0.134072 0.004506 151.746620 -0.134146 0.990561 0.028169 -69.194002 -0.000686 -0.028519 0.999593 2.579218
30.483050 0.991951 0.126568 0.003709 152.543336 -0.126622 0.991386 0.033469 -69.278536 0.000559 -0.033669 0.999433 2.589192
30.586670 0.993153 0.116809 -0.002013 153.361655 -0.116653 0.992471 0.037351 -69.361814 0.006361 -0.036861 0.999300 2.593308
30.690400 0.994131 0.108069 -0.004985 154.171284 -0.107814 0.993489 0.036825 -69.450899 0.008932 -0.036072 0.999309 2.608877
30.794050 0.994927 0.100566 -0.002592 154.983233 -0.100404 0.994267 0.036781 -69.524696 0.006276 -0.036334 0.999321 2.620186
30.897640 0.995720 0.092347 0.003770 155.820392 -0.092423 0.994964 0.038788 -69.590231 -0.000169 -0.038970 0.999240 2.632274
31.001380 0.996402 0.084142 0.010127 156.655558 -0.084490 0.995572 0.041195 -69.646108 -0.006616 -0.041902 0.999100 2.641539
31.105010 0.997046 0.075676 0.013175 157.476544 -0.076155 0.996262 0.040773 -69.705463 -0.010041 -0.041656 0.999082 2.649470
31.208610 0.997453 0.069742 0.014934 158.305516 -0.070303 0.996681 0.041034 -69.758713 -0.012023 -0.041979 0.999047 2.651868
31.312350 0.997739 0.065965 0.012867 159.133338 -0.066438 0.996958 0.040756 -69.805523 -0.010139 -0.041519 0.999086 2.654187
31.416200 0.998093 0.061234 0.007833 159.951988 -0.061527 0.997074 0.045375 -69.843104 -0.005032 -0.045770 0.998940 2.659789
31.520060 0.998324 0.057832 0.001759 160.768591 -0.057846 0.997011 0.051223 -69.877516 0.001209 -0.051239 0.998686 2.659668
31.623420 0.998487 0.054963 -0.001397 161.593429 -0.054806 0.997015 0.054382 -69.908140 0.004382 -0.054223 0.998519 2.666938
31.726940 0.998642 0.051889 0.004646 162.433777 -0.052066 0.997130 0.054955 -69.940205 -0.001781 -0.055122 0.998478 2.675794
31.830690 0.998697 0.049088 0.014014 163.272271 -0.049809 0.997142 0.056822 -69.971477 -0.011185 -0.057446 0.998286 2.675520
31.934300 0.998727 0.045312 0.022183 164.098731 -0.046507 0.997306 0.056717 -70.000012 -0.019553 -0.057676 0.998144 2.680372
32.038040 0.999016 0.040415 0.018288 164.914380 -0.041320 0.997783 0.052163 -70.032896 -0.016139 -0.052867 0.998471 2.675533
32.141650 0.999306 0.036070 0.009340 165.739905 -0.036448 0.998365 0.044028 -70.070455 -0.007737 -0.044338 0.998987 2.690313
32.245260 0.999575 0.028950 0.003525 166.540439 -0.029074 0.998680 0.042354 -70.093745 -0.002294 -0.042438 0.999096 2.687377
32.348880 0.999750 0.021905 0.004492 167.356366 -0.022095 0.998609 0.047880 -70.101099 -0.003437 -0.047967 0.998843 2.684774
32.452660 0.999848 0.014564 0.009564 168.187569 -0.014961 0.998970 0.042850 -70.111809 -0.008930 -0.042986 0.999036 2.687064
32.556240 0.999881 0.006842 0.013802 169.023757 -0.007336 0.999323 0.036067 -70.122079 -0.013546 -0.036164 0.999254 2.691531
32.659980 0.999854 0.001137 0.017104 169.850841 -0.001634 0.999577 0.029058 -70.130003 -0.017064 -0.029082 0.999431 2.683038
32.763730 0.999836 -0.004646 0.017486 170.696861 0.004234 0.999714 0.023524 -70.127808 -0.017591 -0.023446 0.999570 2.688767
32.867470 0.999871 -0.011324 0.011407 171.519493 0.011093 0.999737 0.020068 -70.122398 -0.011631 -0.019939 0.999734 2.692894
32.971200 0.999838 -0.017968 0.000891 172.324821 0.017954 0.999743 0.013871 -70.113770 -0.001140 -0.013853 0.999903 2.685819
33.074830 0.999685 -0.024910 -0.003130 173.152615 0.024929 0.999672 0.005918 -70.112338 0.002981 -0.005994 0.999977 2.689481
33.178560 0.999494 -0.031532 0.004095 174.008011 0.031501 0.999476 0.007456 -70.076712 -0.004328 -0.007323 0.999964 2.692476
33.282310 0.999190 -0.036728 0.016431 174.867731 0.036456 0.999199 0.016537 -70.030477 -0.017025 -0.015925 0.999728 2.695597
33.386030 0.998837 -0.041665 0.024282 175.706238 0.041152 0.998926 0.021255 -69.979450 -0.025142 -0.020231 0.999480 2.700951
33.489780 0.998740 -0.045195 0.021815 176.549022 0.044747 0.998786 0.020621 -69.932703 -0.022720 -0.019619 0.999550 2.691403
